STATIONS_ID;MESS_DATUM_BEGINN;MESS_DATUM_ENDE;QN;RS_01;RTH_01;RWH_01;RS_IND_01;eor
       5635;201111010000;201111012359;    3;  0.00;  -999;  -999;-999;eor
       5635;201111020000;201111020000;    3;  0.00;  -999;  -999;-999;eor
       5635;201111020001;201111020001;    3;  0.00;  -999;  -999;-999;eor
       5635;201111020002;201111020002;    3;  0.00;  -999;  -999;-999;eor
       5635;201111020003;201111020003;    3;  0.00;  -999;  -999;-999;eor
       5635;201111020004;201111020004;    3;  0.00;  -999;  -999;-999;eor
       5635;201111020005;201111020005;    3;  0.00;  -999;  -999;-999;eor
       5635;201111020006;201111020006;    3;  0.00;  -999;  -999;-999;eor
       5635;201111020007;201111020007;    3;  0.00;  -999;  -999;-999;eor
       5635;201111020008;201111020008;    3;  0.00;  -999;  -999;-999;eor
       5635;201111020009;201111020009;    3;  0.00;  -999;  -999;-999;eor
       5635;201111020010;201111020010;    3;  0.00;  -999;  -999;-999;eor
       5635;201111020011;201111020011;    3;  0.00;  -999;  -999;-999;eor
       5635;201111020012;201111020012;    3;  0.00;  -999;  -999;-999;eor
       5635;201111020013;201111020013;    3;  0.00;  -999;  -999;-999;eor
       5635;201111020014;201111020014;    3;  0.00;  -999;  -999;-999;eor
       5635;201111020015;201111020015;    3;  0.00;  -999;  -999;-999;eor
       5635;201111020016;201111020016;    3;  0.03;  -999;  -999;-999;eor
       5635;201111020017;201111020017;    3;  0.01;  -999;  -999;-999;eor
       5635;201111020018;201111020018;    3;  0.00;  -999;  -999;-999;eor
       5635;201111020019;201111020019;    3;  0.00;  -999;  -999;-999;eor
       5635;201111020020;201111020020;    3;  0.00;  -999;  -999;-999;eor
       5635;201111020021;201111020021;    3;  0.00;  -999;  -999;-999;eor
       5635;201111020022;201111020022;    3;  0.00;  -999;  -999;-999;eor
       5635;201111020023;201111020023;    3;  0.00;  -999;  -999;-999;eor
       5635;201111020024;201111020024;    3;  0.00;  -999;  -999;-999;eor
       5635;201111020025;201111020025;    3;  0.00;  -999;  -999;-999;eor
       5635;201111020026;201111020026;    3;  0.00;  -999;  -999;-999;eor
       5635;201111020027;201111020027;    3;  0.00;  -999;  -999;-999;eor
       5635;201111020028;201111020028;    3;  0.03;  -999;  -999;-999;eor
       5635;201111020029;201111020029;    3;  0.00;  -999;  -999;-999;eor
       5635;201111020030;201111020030;    3;  0.00;  -999;  -999;-999;eor
       5635;201111020031;201111020031;    3;  0.00;  -999;  -999;-999;eor
       5635;201111020032;201111020032;    3;  0.00;  -999;  -999;-999;eor
       5635;201111020033;201111020033;    3;  0.00;  -999;  -999;-999;eor
       5635;201111020034;201111020034;    3;  0.00;  -999;  -999;-999;eor
       5635;201111020035;201111020035;    3;  0.00;  -999;  -999;-999;eor
       5635;201111020036;201111020036;    3;  0.00;  -999;  -999;-999;eor
       5635;201111020037;201111020037;    3;  0.00;  -999;  -999;-999;eor
       5635;201111020038;201111020038;    3;  0.00;  -999;  -999;-999;eor
       5635;201111020039;201111020039;    3;  0.00;  -999;  -999;-999;eor
       5635;201111020040;201111020040;    3;  0.00;  -999;  -999;-999;eor
       5635;201111020041;201111020041;    3;  0.00;  -999;  -999;-999;eor
       5635;201111020042;201111020042;    3;  0.00;  -999;  -999;-999;eor
       5635;201111020043;201111020043;    3;  0.00;  -999;  -999;-999;eor
       5635;201111020044;201111020044;    3;  0.00;  -999;  -999;-999;eor
       5635;201111020045;201111020045;    3;  0.00;  -999;  -999;-999;eor
       5635;201111020046;201111020046;    3;  0.00;  -999;  -999;-999;eor
       5635;201111020047;201111020047;    3;  0.00;  -999;  -999;-999;eor
       5635;201111020048;201111020048;    3;  0.03;  -999;  -999;-999;eor
       5635;201111020049;201111020049;    3;  0.01;  -999;  -999;-999;eor
       5635;201111020050;201111020050;    3;  0.00;  -999;  -999;-999;eor
       5635;201111020051;201111020051;    3;  0.00;  -999;  -999;-999;eor
       5635;201111020052;201111020052;    3;  0.00;  -999;  -999;-999;eor
       5635;201111020053;201111020053;    3;  0.00;  -999;  -999;-999;eor
       5635;201111020054;201111020054;    3;  0.00;  -999;  -999;-999;eor
       5635;201111020055;201111020055;    3;  0.00;  -999;  -999;-999;eor
       5635;201111020056;201111020056;    3;  0.03;  -999;  -999;-999;eor
       5635;201111020057;201111020057;    3;  0.01;  -999;  -999;-999;eor
       5635;201111020058;201111020058;    3;  0.00;  -999;  -999;-999;eor
       5635;201111020059;201111020059;    3;  0.00;  -999;  -999;-999;eor
       5635;201111020100;201111020100;    3;  0.00;  -999;  -999;-999;eor
       5635;201111020101;201111020101;    3;  0.00;  -999;  -999;-999;eor
       5635;201111020102;201111020102;    3;  0.00;  -999;  -999;-999;eor
       5635;201111020103;201111020103;    3;  0.00;  -999;  -999;-999;eor
       5635;201111020104;201111020104;    3;  0.00;  -999;  -999;-999;eor
       5635;201111020105;201111020105;    3;  0.00;  -999;  -999;-999;eor
       5635;201111020106;201111020106;    3;  0.04;  -999;  -999;-999;eor
       5635;201111020107;201111020107;    3;  0.00;  -999;  -999;-999;eor
       5635;201111020108;201111020108;    3;  0.00;  -999;  -999;-999;eor
       5635;201111020109;201111020109;    3;  0.00;  -999;  -999;-999;eor
       5635;201111020110;201111020110;    3;  0.00;  -999;  -999;-999;eor
       5635;201111020111;201111020111;    3;  0.00;  -999;  -999;-999;eor
       5635;201111020112;201111020112;    3;  0.00;  -999;  -999;-999;eor
       5635;201111020113;201111020113;    3;  0.00;  -999;  -999;-999;eor
       5635;201111020114;201111020114;    3;  0.00;  -999;  -999;-999;eor
       5635;201111020115;201111020115;    3;  0.00;  -999;  -999;-999;eor
       5635;201111020116;201111020116;    3;  0.00;  -999;  -999;-999;eor
       5635;201111020117;201111020117;    3;  0.00;  -999;  -999;-999;eor
       5635;201111020118;201111020118;    3;  0.00;  -999;  -999;-999;eor
       5635;201111020119;201111020119;    3;  0.00;  -999;  -999;-999;eor
       5635;201111020120;201111020120;    3;  0.00;  -999;  -999;-999;eor
       5635;201111020121;201111020121;    3;  0.00;  -999;  -999;-999;eor
       5635;201111020122;201111020122;    3;  0.00;  -999;  -999;-999;eor
       5635;201111020123;201111020123;    3;  0.00;  -999;  -999;-999;eor
       5635;201111020124;201111020124;    3;  0.00;  -999;  -999;-999;eor
       5635;201111020125;201111020125;    3;  0.00;  -999;  -999;-999;eor
       5635;201111020126;201111020126;    3;  0.00;  -999;  -999;-999;eor
       5635;201111020127;201111020127;    3;  0.00;  -999;  -999;-999;eor
       5635;201111020128;201111020128;    3;  0.00;  -999;  -999;-999;eor
       5635;201111020129;201111020129;    3;  0.00;  -999;  -999;-999;eor
       5635;201111020130;201111020130;    3;  0.00;  -999;  -999;-999;eor
       5635;201111020131;201111020131;    3;  0.00;  -999;  -999;-999;eor
       5635;201111020132;201111020132;    3;  0.00;  -999;  -999;-999;eor
       5635;201111020133;201111020133;    3;  0.00;  -999;  -999;-999;eor
       5635;201111020134;201111020134;    3;  0.00;  -999;  -999;-999;eor
       5635;201111020135;201111020135;    3;  0.00;  -999;  -999;-999;eor
       5635;201111020136;201111020136;    3;  0.00;  -999;  -999;-999;eor
       5635;201111020137;201111020137;    3;  0.00;  -999;  -999;-999;eor
       5635;201111020138;201111020138;    3;  0.00;  -999;  -999;-999;eor
       5635;201111020139;201111020139;    3;  0.00;  -999;  -999;-999;eor
       5635;201111020140;201111020140;    3;  0.00;  -999;  -999;-999;eor
       5635;201111020141;201111020141;    3;  0.00;  -999;  -999;-999;eor
       5635;201111020142;201111020142;    3;  0.00;  -999;  -999;-999;eor
       5635;201111020143;201111020143;    3;  0.00;  -999;  -999;-999;eor
       5635;201111020144;201111020144;    3;  0.00;  -999;  -999;-999;eor
       5635;201111020145;201111020145;    3;  0.00;  -999;  -999;-999;eor
       5635;201111020146;201111020146;    3;  0.00;  -999;  -999;-999;eor
       5635;201111020147;201111020147;    3;  0.00;  -999;  -999;-999;eor
       5635;201111020148;201111020148;    3;  0.00;  -999;  -999;-999;eor
       5635;201111020149;201111020149;    3;  0.00;  -999;  -999;-999;eor
       5635;201111020150;201111020150;    3;  0.00;  -999;  -999;-999;eor
       5635;201111020151;201111020151;    3;  0.00;  -999;  -999;-999;eor
       5635;201111020152;201111020152;    3;  0.00;  -999;  -999;-999;eor
       5635;201111020153;201111020153;    3;  0.00;  -999;  -999;-999;eor
       5635;201111020154;201111020154;    3;  0.00;  -999;  -999;-999;eor
       5635;201111020155;201111020155;    3;  0.00;  -999;  -999;-999;eor
       5635;201111020156;201111020156;    3;  0.00;  -999;  -999;-999;eor
       5635;201111020157;201111020157;    3;  0.00;  -999;  -999;-999;eor
       5635;201111020158;201111020158;    3;  0.00;  -999;  -999;-999;eor
       5635;201111020159;201111020159;    3;  0.00;  -999;  -999;-999;eor
       5635;201111020200;201111020259;    3;  0.00;  -999;  -999;-999;eor
       5635;201111020300;201111020359;    3;  0.00;  -999;  -999;-999;eor
       5635;201111020400;201111020459;    3;  0.00;  -999;  -999;-999;eor
       5635;201111020500;201111020559;    3;  0.00;  -999;  -999;-999;eor
       5635;201111020600;201111020659;    3;  0.00;  -999;  -999;-999;eor
       5635;201111020700;201111020700;    3;  0.00;  -999;  -999;-999;eor
       5635;201111020701;201111020701;    3;  0.00;  -999;  -999;-999;eor
       5635;201111020702;201111020702;    3;  0.03;  -999;  -999;-999;eor
       5635;201111020703;201111020703;    3;  0.01;  -999;  -999;-999;eor
       5635;201111020704;201111020704;    3;  0.00;  -999;  -999;-999;eor
       5635;201111020705;201111020705;    3;  0.00;  -999;  -999;-999;eor
       5635;201111020706;201111020706;    3;  0.00;  -999;  -999;-999;eor
       5635;201111020707;201111020707;    3;  0.00;  -999;  -999;-999;eor
       5635;201111020708;201111020708;    3;  0.00;  -999;  -999;-999;eor
       5635;201111020709;201111020709;    3;  0.00;  -999;  -999;-999;eor
       5635;201111020710;201111020710;    3;  0.00;  -999;  -999;-999;eor
       5635;201111020711;201111020711;    3;  0.00;  -999;  -999;-999;eor
       5635;201111020712;201111020712;    3;  0.00;  -999;  -999;-999;eor
       5635;201111020713;201111020713;    3;  0.00;  -999;  -999;-999;eor
       5635;201111020714;201111020714;    3;  0.00;  -999;  -999;-999;eor
       5635;201111020715;201111020715;    3;  0.00;  -999;  -999;-999;eor
       5635;201111020716;201111020716;    3;  0.00;  -999;  -999;-999;eor
       5635;201111020717;201111020717;    3;  0.00;  -999;  -999;-999;eor
       5635;201111020718;201111020718;    3;  0.00;  -999;  -999;-999;eor
       5635;201111020719;201111020719;    3;  0.00;  -999;  -999;-999;eor
       5635;201111020720;201111020720;    3;  0.00;  -999;  -999;-999;eor
       5635;201111020721;201111020721;    3;  0.00;  -999;  -999;-999;eor
       5635;201111020722;201111020722;    3;  0.00;  -999;  -999;-999;eor
       5635;201111020723;201111020723;    3;  0.00;  -999;  -999;-999;eor
       5635;201111020724;201111020724;    3;  0.00;  -999;  -999;-999;eor
       5635;201111020725;201111020725;    3;  0.00;  -999;  -999;-999;eor
       5635;201111020726;201111020726;    3;  0.00;  -999;  -999;-999;eor
       5635;201111020727;201111020727;    3;  0.00;  -999;  -999;-999;eor
       5635;201111020728;201111020728;    3;  0.00;  -999;  -999;-999;eor
       5635;201111020729;201111020729;    3;  0.00;  -999;  -999;-999;eor
       5635;201111020730;201111020730;    3;  0.00;  -999;  -999;-999;eor
       5635;201111020731;201111020731;    3;  0.00;  -999;  -999;-999;eor
       5635;201111020732;201111020732;    3;  0.00;  -999;  -999;-999;eor
       5635;201111020733;201111020733;    3;  0.00;  -999;  -999;-999;eor
       5635;201111020734;201111020734;    3;  0.00;  -999;  -999;-999;eor
       5635;201111020735;201111020735;    3;  0.00;  -999;  -999;-999;eor
       5635;201111020736;201111020736;    3;  0.00;  -999;  -999;-999;eor
       5635;201111020737;201111020737;    3;  0.00;  -999;  -999;-999;eor
       5635;201111020738;201111020738;    3;  0.00;  -999;  -999;-999;eor
       5635;201111020739;201111020739;    3;  0.00;  -999;  -999;-999;eor
       5635;201111020740;201111020740;    3;  0.00;  -999;  -999;-999;eor
       5635;201111020741;201111020741;    3;  0.00;  -999;  -999;-999;eor
       5635;201111020742;201111020742;    3;  0.00;  -999;  -999;-999;eor
       5635;201111020743;201111020743;    3;  0.00;  -999;  -999;-999;eor
       5635;201111020744;201111020744;    3;  0.00;  -999;  -999;-999;eor
       5635;201111020745;201111020745;    3;  0.00;  -999;  -999;-999;eor
       5635;201111020746;201111020746;    3;  0.00;  -999;  -999;-999;eor
       5635;201111020747;201111020747;    3;  0.00;  -999;  -999;-999;eor
       5635;201111020748;201111020748;    3;  0.00;  -999;  -999;-999;eor
       5635;201111020749;201111020749;    3;  0.00;  -999;  -999;-999;eor
       5635;201111020750;201111020750;    3;  0.00;  -999;  -999;-999;eor
       5635;201111020751;201111020751;    3;  0.00;  -999;  -999;-999;eor
       5635;201111020752;201111020752;    3;  0.00;  -999;  -999;-999;eor
       5635;201111020753;201111020753;    3;  0.00;  -999;  -999;-999;eor
       5635;201111020754;201111020754;    3;  0.00;  -999;  -999;-999;eor
       5635;201111020755;201111020755;    3;  0.00;  -999;  -999;-999;eor
       5635;201111020756;201111020756;    3;  0.00;  -999;  -999;-999;eor
       5635;201111020757;201111020757;    3;  0.00;  -999;  -999;-999;eor
       5635;201111020758;201111020758;    3;  0.00;  -999;  -999;-999;eor
       5635;201111020759;201111020759;    3;  0.00;  -999;  -999;-999;eor
       5635;201111020800;201111020859;    3;  0.00;  -999;  -999;-999;eor
       5635;201111020900;201111020959;    3;  0.00;  -999;  -999;-999;eor
       5635;201111021000;201111021059;    3;  0.00;  -999;  -999;-999;eor
       5635;201111021100;201111021159;    3;  0.00;  -999;  -999;-999;eor
       5635;201111021200;201111021259;    3;  0.00;  -999;  -999;-999;eor
       5635;201111021300;201111021359;    3;  0.00;  -999;  -999;-999;eor
       5635;201111021400;201111021459;    3;  0.00;  -999;  -999;-999;eor
       5635;201111021500;201111021559;    3;  0.00;  -999;  -999;-999;eor
       5635;201111021600;201111021659;    3;  0.00;  -999;  -999;-999;eor
       5635;201111021700;201111021759;    3;  0.00;  -999;  -999;-999;eor
       5635;201111021800;201111021859;    3;  0.00;  -999;  -999;-999;eor
       5635;201111021900;201111021959;    3;  0.00;  -999;  -999;-999;eor
       5635;201111022000;201111022059;    3;  0.00;  -999;  -999;-999;eor
       5635;201111022100;201111022159;    3;  0.00;  -999;  -999;-999;eor
       5635;201111022200;201111022259;    3;  0.00;  -999;  -999;-999;eor
       5635;201111022300;201111022359;    3;  0.00;  -999;  -999;-999;eor
       5635;201111030000;201111030059;    3;  0.00;  -999;  -999;-999;eor
       5635;201111030100;201111030159;    3;  0.00;  -999;  -999;-999;eor
       5635;201111030200;201111030259;    3;  0.00;  -999;  -999;-999;eor
       5635;201111030300;201111030359;    3;  0.00;  -999;  -999;-999;eor
       5635;201111030400;201111030459;    3;  0.00;  -999;  -999;-999;eor
       5635;201111030500;201111030559;    3;  0.00;  -999;  -999;-999;eor
       5635;201111030600;201111030659;    3;  0.00;  -999;  -999;-999;eor
       5635;201111030700;201111030759;    3;  0.00;  -999;  -999;-999;eor
       5635;201111030800;201111030859;    3;  0.00;  -999;  -999;-999;eor
       5635;201111030900;201111030959;    3;  0.00;  -999;  -999;-999;eor
       5635;201111031000;201111031059;    3;  0.00;  -999;  -999;-999;eor
       5635;201111031100;201111031159;    3;  0.00;  -999;  -999;-999;eor
       5635;201111031200;201111031259;    3;  0.00;  -999;  -999;-999;eor
       5635;201111031300;201111031359;    3;  0.00;  -999;  -999;-999;eor
       5635;201111031400;201111031459;    3;  0.00;  -999;  -999;-999;eor
       5635;201111031500;201111031559;    3;  0.00;  -999;  -999;-999;eor
       5635;201111031600;201111031659;    3;  0.00;  -999;  -999;-999;eor
       5635;201111031700;201111031759;    3;  0.00;  -999;  -999;-999;eor
       5635;201111031800;201111031800;    3;  0.00;  -999;  -999;-999;eor
       5635;201111031801;201111031801;    3;  0.00;  -999;  -999;-999;eor
       5635;201111031802;201111031802;    3;  0.03;  -999;  -999;-999;eor
       5635;201111031803;201111031803;    3;  0.00;  -999;  -999;-999;eor
       5635;201111031804;201111031804;    3;  0.00;  -999;  -999;-999;eor
       5635;201111031805;201111031805;    3;  0.00;  -999;  -999;-999;eor
       5635;201111031806;201111031806;    3;  0.00;  -999;  -999;-999;eor
       5635;201111031807;201111031807;    3;  0.00;  -999;  -999;-999;eor
       5635;201111031808;201111031808;    3;  0.00;  -999;  -999;-999;eor
       5635;201111031809;201111031809;    3;  0.00;  -999;  -999;-999;eor
       5635;201111031810;201111031810;    3;  0.00;  -999;  -999;-999;eor
       5635;201111031811;201111031811;    3;  0.00;  -999;  -999;-999;eor
       5635;201111031812;201111031812;    3;  0.00;  -999;  -999;-999;eor
       5635;201111031813;201111031813;    3;  0.00;  -999;  -999;-999;eor
       5635;201111031814;201111031814;    3;  0.00;  -999;  -999;-999;eor
       5635;201111031815;201111031815;    3;  0.00;  -999;  -999;-999;eor
       5635;201111031816;201111031816;    3;  0.00;  -999;  -999;-999;eor
       5635;201111031817;201111031817;    3;  0.00;  -999;  -999;-999;eor
       5635;201111031818;201111031818;    3;  0.00;  -999;  -999;-999;eor
       5635;201111031819;201111031819;    3;  0.00;  -999;  -999;-999;eor
       5635;201111031820;201111031820;    3;  0.00;  -999;  -999;-999;eor
       5635;201111031821;201111031821;    3;  0.00;  -999;  -999;-999;eor
       5635;201111031822;201111031822;    3;  0.00;  -999;  -999;-999;eor
       5635;201111031823;201111031823;    3;  0.00;  -999;  -999;-999;eor
       5635;201111031824;201111031824;    3;  0.00;  -999;  -999;-999;eor
       5635;201111031825;201111031825;    3;  0.00;  -999;  -999;-999;eor
       5635;201111031826;201111031826;    3;  0.00;  -999;  -999;-999;eor
       5635;201111031827;201111031827;    3;  0.00;  -999;  -999;-999;eor
       5635;201111031828;201111031828;    3;  0.00;  -999;  -999;-999;eor
       5635;201111031829;201111031829;    3;  0.00;  -999;  -999;-999;eor
       5635;201111031830;201111031830;    3;  0.00;  -999;  -999;-999;eor
       5635;201111031831;201111031831;    3;  0.00;  -999;  -999;-999;eor
       5635;201111031832;201111031832;    3;  0.00;  -999;  -999;-999;eor
       5635;201111031833;201111031833;    3;  0.00;  -999;  -999;-999;eor
       5635;201111031834;201111031834;    3;  0.00;  -999;  -999;-999;eor
       5635;201111031835;201111031835;    3;  0.00;  -999;  -999;-999;eor
       5635;201111031836;201111031836;    3;  0.00;  -999;  -999;-999;eor
       5635;201111031837;201111031837;    3;  0.00;  -999;  -999;-999;eor
       5635;201111031838;201111031838;    3;  0.00;  -999;  -999;-999;eor
       5635;201111031839;201111031839;    3;  0.00;  -999;  -999;-999;eor
       5635;201111031840;201111031840;    3;  0.00;  -999;  -999;-999;eor
       5635;201111031841;201111031841;    3;  0.00;  -999;  -999;-999;eor
       5635;201111031842;201111031842;    3;  0.00;  -999;  -999;-999;eor
       5635;201111031843;201111031843;    3;  0.00;  -999;  -999;-999;eor
       5635;201111031844;201111031844;    3;  0.00;  -999;  -999;-999;eor
       5635;201111031845;201111031845;    3;  0.00;  -999;  -999;-999;eor
       5635;201111031846;201111031846;    3;  0.00;  -999;  -999;-999;eor
       5635;201111031847;201111031847;    3;  0.00;  -999;  -999;-999;eor
       5635;201111031848;201111031848;    3;  0.00;  -999;  -999;-999;eor
       5635;201111031849;201111031849;    3;  0.00;  -999;  -999;-999;eor
       5635;201111031850;201111031850;    3;  0.00;  -999;  -999;-999;eor
       5635;201111031851;201111031851;    3;  0.00;  -999;  -999;-999;eor
       5635;201111031852;201111031852;    3;  0.00;  -999;  -999;-999;eor
       5635;201111031853;201111031853;    3;  0.00;  -999;  -999;-999;eor
       5635;201111031854;201111031854;    3;  0.00;  -999;  -999;-999;eor
       5635;201111031855;201111031855;    3;  0.00;  -999;  -999;-999;eor
       5635;201111031856;201111031856;    3;  0.00;  -999;  -999;-999;eor
       5635;201111031857;201111031857;    3;  0.00;  -999;  -999;-999;eor
       5635;201111031858;201111031858;    3;  0.00;  -999;  -999;-999;eor
       5635;201111031859;201111031859;    3;  0.00;  -999;  -999;-999;eor
       5635;201111031900;201111031959;    3;  0.00;  -999;  -999;-999;eor
       5635;201111032000;201111032059;    3;  0.00;  -999;  -999;-999;eor
       5635;201111032100;201111032159;    3;  0.00;  -999;  -999;-999;eor
       5635;201111032200;201111032259;    3;  0.00;  -999;  -999;-999;eor
       5635;201111032300;201111032300;    3;  0.00;  -999;  -999;-999;eor
       5635;201111032301;201111032301;    3;  0.00;  -999;  -999;-999;eor
       5635;201111032302;201111032302;    3;  0.00;  -999;  -999;-999;eor
       5635;201111032303;201111032303;    3;  0.00;  -999;  -999;-999;eor
       5635;201111032304;201111032304;    3;  0.00;  -999;  -999;-999;eor
       5635;201111032305;201111032305;    3;  0.00;  -999;  -999;-999;eor
       5635;201111032306;201111032306;    3;  0.00;  -999;  -999;-999;eor
       5635;201111032307;201111032307;    3;  0.00;  -999;  -999;-999;eor
       5635;201111032308;201111032308;    3;  0.00;  -999;  -999;-999;eor
       5635;201111032309;201111032309;    3;  0.00;  -999;  -999;-999;eor
       5635;201111032310;201111032310;    3;  0.00;  -999;  -999;-999;eor
       5635;201111032311;201111032311;    3;  0.00;  -999;  -999;-999;eor
       5635;201111032312;201111032312;    3;  0.00;  -999;  -999;-999;eor
       5635;201111032313;201111032313;    3;  0.00;  -999;  -999;-999;eor
       5635;201111032314;201111032314;    3;  0.00;  -999;  -999;-999;eor
       5635;201111032315;201111032315;    3;  0.00;  -999;  -999;-999;eor
       5635;201111032316;201111032316;    3;  0.00;  -999;  -999;-999;eor
       5635;201111032317;201111032317;    3;  0.00;  -999;  -999;-999;eor
       5635;201111032318;201111032318;    3;  0.00;  -999;  -999;-999;eor
       5635;201111032319;201111032319;    3;  0.00;  -999;  -999;-999;eor
       5635;201111032320;201111032320;    3;  0.00;  -999;  -999;-999;eor
       5635;201111032321;201111032321;    3;  0.00;  -999;  -999;-999;eor
       5635;201111032322;201111032322;    3;  0.00;  -999;  -999;-999;eor
       5635;201111032323;201111032323;    3;  0.00;  -999;  -999;-999;eor
       5635;201111032324;201111032324;    3;  0.00;  -999;  -999;-999;eor
       5635;201111032325;201111032325;    3;  0.00;  -999;  -999;-999;eor
       5635;201111032326;201111032326;    3;  0.00;  -999;  -999;-999;eor
       5635;201111032327;201111032327;    3;  0.00;  -999;  -999;-999;eor
       5635;201111032328;201111032328;    3;  0.00;  -999;  -999;-999;eor
       5635;201111032329;201111032329;    3;  0.00;  -999;  -999;-999;eor
       5635;201111032330;201111032330;    3;  0.00;  -999;  -999;-999;eor
       5635;201111032331;201111032331;    3;  0.00;  -999;  -999;-999;eor
       5635;201111032332;201111032332;    3;  0.00;  -999;  -999;-999;eor
       5635;201111032333;201111032333;    3;  0.00;  -999;  -999;-999;eor
       5635;201111032334;201111032334;    3;  0.00;  -999;  -999;-999;eor
       5635;201111032335;201111032335;    3;  0.00;  -999;  -999;-999;eor
       5635;201111032336;201111032336;    3;  0.00;  -999;  -999;-999;eor
       5635;201111032337;201111032337;    3;  0.04;  -999;  -999;-999;eor
       5635;201111032338;201111032338;    3;  0.01;  -999;  -999;-999;eor
       5635;201111032339;201111032339;    3;  0.00;  -999;  -999;-999;eor
       5635;201111032340;201111032340;    3;  0.00;  -999;  -999;-999;eor
       5635;201111032341;201111032341;    3;  0.04;  -999;  -999;-999;eor
       5635;201111032342;201111032342;    3;  0.03;  -999;  -999;-999;eor
       5635;201111032343;201111032343;    3;  0.00;  -999;  -999;-999;eor
       5635;201111032344;201111032344;    3;  0.04;  -999;  -999;-999;eor
       5635;201111032345;201111032345;    3;  0.02;  -999;  -999;-999;eor
       5635;201111032346;201111032346;    3;  0.00;  -999;  -999;-999;eor
       5635;201111032347;201111032347;    3;  0.05;  -999;  -999;-999;eor
       5635;201111032348;201111032348;    3;  0.01;  -999;  -999;-999;eor
       5635;201111032349;201111032349;    3;  0.00;  -999;  -999;-999;eor
       5635;201111032350;201111032350;    3;  0.05;  -999;  -999;-999;eor
       5635;201111032351;201111032351;    3;  0.03;  -999;  -999;-999;eor
       5635;201111032352;201111032352;    3;  0.02;  -999;  -999;-999;eor
       5635;201111032353;201111032353;    3;  0.00;  -999;  -999;-999;eor
       5635;201111032354;201111032354;    3;  0.04;  -999;  -999;-999;eor
       5635;201111032355;201111032355;    3;  0.01;  -999;  -999;-999;eor
       5635;201111032356;201111032356;    3;  0.00;  -999;  -999;-999;eor
       5635;201111032357;201111032357;    3;  0.00;  -999;  -999;-999;eor
       5635;201111032358;201111032358;    3;  0.04;  -999;  -999;-999;eor
       5635;201111032359;201111032359;    3;  0.02;  -999;  -999;-999;eor
       5635;201111040000;201111040000;    3;  0.00;  -999;  -999;-999;eor
       5635;201111040001;201111040001;    3;  0.03;  -999;  -999;-999;eor
       5635;201111040002;201111040002;    3;  0.02;  -999;  -999;-999;eor
       5635;201111040003;201111040003;    3;  0.00;  -999;  -999;-999;eor
       5635;201111040004;201111040004;    3;  0.00;  -999;  -999;-999;eor
       5635;201111040005;201111040005;    3;  0.03;  -999;  -999;-999;eor
       5635;201111040006;201111040006;    3;  0.01;  -999;  -999;-999;eor
       5635;201111040007;201111040007;    3;  0.00;  -999;  -999;-999;eor
       5635;201111040008;201111040008;    3;  0.00;  -999;  -999;-999;eor
       5635;201111040009;201111040009;    3;  0.00;  -999;  -999;-999;eor
       5635;201111040010;201111040010;    3;  0.00;  -999;  -999;-999;eor
       5635;201111040011;201111040011;    3;  0.00;  -999;  -999;-999;eor
       5635;201111040012;201111040012;    3;  0.00;  -999;  -999;-999;eor
       5635;201111040013;201111040013;    3;  0.00;  -999;  -999;-999;eor
       5635;201111040014;201111040014;    3;  0.00;  -999;  -999;-999;eor
       5635;201111040015;201111040015;    3;  0.00;  -999;  -999;-999;eor
       5635;201111040016;201111040016;    3;  0.00;  -999;  -999;-999;eor
       5635;201111040017;201111040017;    3;  0.03;  -999;  -999;-999;eor
       5635;201111040018;201111040018;    3;  0.00;  -999;  -999;-999;eor
       5635;201111040019;201111040019;    3;  0.00;  -999;  -999;-999;eor
       5635;201111040020;201111040020;    3;  0.00;  -999;  -999;-999;eor
       5635;201111040021;201111040021;    3;  0.00;  -999;  -999;-999;eor
       5635;201111040022;201111040022;    3;  0.00;  -999;  -999;-999;eor
       5635;201111040023;201111040023;    3;  0.00;  -999;  -999;-999;eor
       5635;201111040024;201111040024;    3;  0.00;  -999;  -999;-999;eor
       5635;201111040025;201111040025;    3;  0.00;  -999;  -999;-999;eor
       5635;201111040026;201111040026;    3;  0.00;  -999;  -999;-999;eor
       5635;201111040027;201111040027;    3;  0.00;  -999;  -999;-999;eor
       5635;201111040028;201111040028;    3;  0.00;  -999;  -999;-999;eor
       5635;201111040029;201111040029;    3;  0.00;  -999;  -999;-999;eor
       5635;201111040030;201111040030;    3;  0.00;  -999;  -999;-999;eor
       5635;201111040031;201111040031;    3;  0.03;  -999;  -999;-999;eor
       5635;201111040032;201111040032;    3;  0.00;  -999;  -999;-999;eor
       5635;201111040033;201111040033;    3;  0.00;  -999;  -999;-999;eor
       5635;201111040034;201111040034;    3;  0.00;  -999;  -999;-999;eor
       5635;201111040035;201111040035;    3;  0.00;  -999;  -999;-999;eor
       5635;201111040036;201111040036;    3;  0.00;  -999;  -999;-999;eor
       5635;201111040037;201111040037;    3;  0.00;  -999;  -999;-999;eor
       5635;201111040038;201111040038;    3;  0.00;  -999;  -999;-999;eor
       5635;201111040039;201111040039;    3;  0.00;  -999;  -999;-999;eor
       5635;201111040040;201111040040;    3;  0.00;  -999;  -999;-999;eor
       5635;201111040041;201111040041;    3;  0.00;  -999;  -999;-999;eor
       5635;201111040042;201111040042;    3;  0.00;  -999;  -999;-999;eor
       5635;201111040043;201111040043;    3;  0.00;  -999;  -999;-999;eor
       5635;201111040044;201111040044;    3;  0.00;  -999;  -999;-999;eor
       5635;201111040045;201111040045;    3;  0.00;  -999;  -999;-999;eor
       5635;201111040046;201111040046;    3;  0.00;  -999;  -999;-999;eor
       5635;201111040047;201111040047;    3;  0.00;  -999;  -999;-999;eor
       5635;201111040048;201111040048;    3;  0.00;  -999;  -999;-999;eor
       5635;201111040049;201111040049;    3;  0.00;  -999;  -999;-999;eor
       5635;201111040050;201111040050;    3;  0.00;  -999;  -999;-999;eor
       5635;201111040051;201111040051;    3;  0.00;  -999;  -999;-999;eor
       5635;201111040052;201111040052;    3;  0.00;  -999;  -999;-999;eor
       5635;201111040053;201111040053;    3;  0.00;  -999;  -999;-999;eor
       5635;201111040054;201111040054;    3;  0.00;  -999;  -999;-999;eor
       5635;201111040055;201111040055;    3;  0.00;  -999;  -999;-999;eor
       5635;201111040056;201111040056;    3;  0.00;  -999;  -999;-999;eor
       5635;201111040057;201111040057;    3;  0.00;  -999;  -999;-999;eor
       5635;201111040058;201111040058;    3;  0.00;  -999;  -999;-999;eor
       5635;201111040059;201111040059;    3;  0.00;  -999;  -999;-999;eor
       5635;201111040100;201111040159;    3;  0.00;  -999;  -999;-999;eor
       5635;201111040200;201111040259;    3;  0.00;  -999;  -999;-999;eor
       5635;201111040300;201111040359;    3;  0.00;  -999;  -999;-999;eor
       5635;201111040400;201111040459;    3;  0.00;  -999;  -999;-999;eor
       5635;201111040500;201111040559;    3;  0.00;  -999;  -999;-999;eor
       5635;201111040600;201111040659;    3;  0.00;  -999;  -999;-999;eor
       5635;201111040700;201111040759;    3;  0.00;  -999;  -999;-999;eor
       5635;201111040800;201111040859;    3;  0.00;  -999;  -999;-999;eor
       5635;201111040900;201111040959;    3;  0.00;  -999;  -999;-999;eor
       5635;201111041000;201111041059;    3;  0.00;  -999;  -999;-999;eor
       5635;201111041100;201111041159;    3;  0.00;  -999;  -999;-999;eor
       5635;201111041200;201111041259;    3;  0.00;  -999;  -999;-999;eor
       5635;201111041300;201111041359;    3;  0.00;  -999;  -999;-999;eor
       5635;201111041400;201111041459;    3;  0.00;  -999;  -999;-999;eor
       5635;201111041500;201111041500;    3;  0.00;  -999;  -999;-999;eor
       5635;201111041501;201111041501;    3;  0.00;  -999;  -999;-999;eor
       5635;201111041502;201111041502;    3;  0.00;  -999;  -999;-999;eor
       5635;201111041503;201111041503;    3;  0.00;  -999;  -999;-999;eor
       5635;201111041504;201111041504;    3;  0.00;  -999;  -999;-999;eor
       5635;201111041505;201111041505;    3;  0.00;  -999;  -999;-999;eor
       5635;201111041506;201111041506;    3;  0.00;  -999;  -999;-999;eor
       5635;201111041507;201111041507;    3;  0.00;  -999;  -999;-999;eor
       5635;201111041508;201111041508;    3;  0.03;  -999;  -999;-999;eor
       5635;201111041509;201111041509;    3;  0.01;  -999;  -999;-999;eor
       5635;201111041510;201111041510;    3;  0.00;  -999;  -999;-999;eor
       5635;201111041511;201111041511;    3;  0.00;  -999;  -999;-999;eor
       5635;201111041512;201111041512;    3;  0.00;  -999;  -999;-999;eor
       5635;201111041513;201111041513;    3;  0.00;  -999;  -999;-999;eor
       5635;201111041514;201111041514;    3;  0.00;  -999;  -999;-999;eor
       5635;201111041515;201111041515;    3;  0.00;  -999;  -999;-999;eor
       5635;201111041516;201111041516;    3;  0.00;  -999;  -999;-999;eor
       5635;201111041517;201111041517;    3;  0.00;  -999;  -999;-999;eor
       5635;201111041518;201111041518;    3;  0.00;  -999;  -999;-999;eor
       5635;201111041519;201111041519;    3;  0.00;  -999;  -999;-999;eor
       5635;201111041520;201111041520;    3;  0.00;  -999;  -999;-999;eor
       5635;201111041521;201111041521;    3;  0.00;  -999;  -999;-999;eor
       5635;201111041522;201111041522;    3;  0.00;  -999;  -999;-999;eor
       5635;201111041523;201111041523;    3;  0.00;  -999;  -999;-999;eor
       5635;201111041524;201111041524;    3;  0.00;  -999;  -999;-999;eor
       5635;201111041525;201111041525;    3;  0.00;  -999;  -999;-999;eor
       5635;201111041526;201111041526;    3;  0.00;  -999;  -999;-999;eor
       5635;201111041527;201111041527;    3;  0.00;  -999;  -999;-999;eor
       5635;201111041528;201111041528;    3;  0.00;  -999;  -999;-999;eor
       5635;201111041529;201111041529;    3;  0.00;  -999;  -999;-999;eor
       5635;201111041530;201111041530;    3;  0.00;  -999;  -999;-999;eor
       5635;201111041531;201111041531;    3;  0.00;  -999;  -999;-999;eor
       5635;201111041532;201111041532;    3;  0.00;  -999;  -999;-999;eor
       5635;201111041533;201111041533;    3;  0.00;  -999;  -999;-999;eor
       5635;201111041534;201111041534;    3;  0.00;  -999;  -999;-999;eor
       5635;201111041535;201111041535;    3;  0.00;  -999;  -999;-999;eor
       5635;201111041536;201111041536;    3;  0.00;  -999;  -999;-999;eor
       5635;201111041537;201111041537;    3;  0.00;  -999;  -999;-999;eor
       5635;201111041538;201111041538;    3;  0.00;  -999;  -999;-999;eor
       5635;201111041539;201111041539;    3;  0.00;  -999;  -999;-999;eor
       5635;201111041540;201111041540;    3;  0.00;  -999;  -999;-999;eor
       5635;201111041541;201111041541;    3;  0.00;  -999;  -999;-999;eor
       5635;201111041542;201111041542;    3;  0.00;  -999;  -999;-999;eor
       5635;201111041543;201111041543;    3;  0.00;  -999;  -999;-999;eor
       5635;201111041544;201111041544;    3;  0.00;  -999;  -999;-999;eor
       5635;201111041545;201111041545;    3;  0.00;  -999;  -999;-999;eor
       5635;201111041546;201111041546;    3;  0.00;  -999;  -999;-999;eor
       5635;201111041547;201111041547;    3;  0.00;  -999;  -999;-999;eor
       5635;201111041548;201111041548;    3;  0.00;  -999;  -999;-999;eor
       5635;201111041549;201111041549;    3;  0.00;  -999;  -999;-999;eor
       5635;201111041550;201111041550;    3;  0.00;  -999;  -999;-999;eor
       5635;201111041551;201111041551;    3;  0.00;  -999;  -999;-999;eor
       5635;201111041552;201111041552;    3;  0.00;  -999;  -999;-999;eor
       5635;201111041553;201111041553;    3;  0.00;  -999;  -999;-999;eor
       5635;201111041554;201111041554;    3;  0.00;  -999;  -999;-999;eor
       5635;201111041555;201111041555;    3;  0.00;  -999;  -999;-999;eor
       5635;201111041556;201111041556;    3;  0.00;  -999;  -999;-999;eor
       5635;201111041557;201111041557;    3;  0.00;  -999;  -999;-999;eor
       5635;201111041558;201111041558;    3;  0.00;  -999;  -999;-999;eor
       5635;201111041559;201111041559;    3;  0.00;  -999;  -999;-999;eor
       5635;201111041600;201111041600;    3;  0.00;  -999;  -999;-999;eor
       5635;201111041601;201111041601;    3;  0.00;  -999;  -999;-999;eor
       5635;201111041602;201111041602;    3;  0.00;  -999;  -999;-999;eor
       5635;201111041603;201111041603;    3;  0.00;  -999;  -999;-999;eor
       5635;201111041604;201111041604;    3;  0.00;  -999;  -999;-999;eor
       5635;201111041605;201111041605;    3;  0.00;  -999;  -999;-999;eor
       5635;201111041606;201111041606;    3;  0.00;  -999;  -999;-999;eor
       5635;201111041607;201111041607;    3;  0.00;  -999;  -999;-999;eor
       5635;201111041608;201111041608;    3;  0.00;  -999;  -999;-999;eor
       5635;201111041609;201111041609;    3;  0.00;  -999;  -999;-999;eor
       5635;201111041610;201111041610;    3;  0.00;  -999;  -999;-999;eor
       5635;201111041611;201111041611;    3;  0.00;  -999;  -999;-999;eor
       5635;201111041612;201111041612;    3;  0.00;  -999;  -999;-999;eor
       5635;201111041613;201111041613;    3;  0.00;  -999;  -999;-999;eor
       5635;201111041614;201111041614;    3;  0.00;  -999;  -999;-999;eor
       5635;201111041615;201111041615;    3;  0.00;  -999;  -999;-999;eor
       5635;201111041616;201111041616;    3;  0.00;  -999;  -999;-999;eor
       5635;201111041617;201111041617;    3;  0.00;  -999;  -999;-999;eor
       5635;201111041618;201111041618;    3;  0.00;  -999;  -999;-999;eor
       5635;201111041619;201111041619;    3;  0.00;  -999;  -999;-999;eor
       5635;201111041620;201111041620;    3;  0.00;  -999;  -999;-999;eor
       5635;201111041621;201111041621;    3;  0.00;  -999;  -999;-999;eor
       5635;201111041622;201111041622;    3;  0.00;  -999;  -999;-999;eor
       5635;201111041623;201111041623;    3;  0.00;  -999;  -999;-999;eor
       5635;201111041624;201111041624;    3;  0.00;  -999;  -999;-999;eor
       5635;201111041625;201111041625;    3;  0.00;  -999;  -999;-999;eor
       5635;201111041626;201111041626;    3;  0.00;  -999;  -999;-999;eor
       5635;201111041627;201111041627;    3;  0.00;  -999;  -999;-999;eor
       5635;201111041628;201111041628;    3;  0.00;  -999;  -999;-999;eor
       5635;201111041629;201111041629;    3;  0.00;  -999;  -999;-999;eor
       5635;201111041630;201111041630;    3;  0.00;  -999;  -999;-999;eor
       5635;201111041631;201111041631;    3;  0.00;  -999;  -999;-999;eor
       5635;201111041632;201111041632;    3;  0.00;  -999;  -999;-999;eor
       5635;201111041633;201111041633;    3;  0.00;  -999;  -999;-999;eor
       5635;201111041634;201111041634;    3;  0.00;  -999;  -999;-999;eor
       5635;201111041635;201111041635;    3;  0.00;  -999;  -999;-999;eor
       5635;201111041636;201111041636;    3;  0.00;  -999;  -999;-999;eor
       5635;201111041637;201111041637;    3;  0.03;  -999;  -999;-999;eor
       5635;201111041638;201111041638;    3;  0.00;  -999;  -999;-999;eor
       5635;201111041639;201111041639;    3;  0.00;  -999;  -999;-999;eor
       5635;201111041640;201111041640;    3;  0.00;  -999;  -999;-999;eor
       5635;201111041641;201111041641;    3;  0.00;  -999;  -999;-999;eor
       5635;201111041642;201111041642;    3;  0.00;  -999;  -999;-999;eor
       5635;201111041643;201111041643;    3;  0.00;  -999;  -999;-999;eor
       5635;201111041644;201111041644;    3;  0.00;  -999;  -999;-999;eor
       5635;201111041645;201111041645;    3;  0.00;  -999;  -999;-999;eor
       5635;201111041646;201111041646;    3;  0.00;  -999;  -999;-999;eor
       5635;201111041647;201111041647;    3;  0.00;  -999;  -999;-999;eor
       5635;201111041648;201111041648;    3;  0.00;  -999;  -999;-999;eor
       5635;201111041649;201111041649;    3;  0.00;  -999;  -999;-999;eor
       5635;201111041650;201111041650;    3;  0.00;  -999;  -999;-999;eor
       5635;201111041651;201111041651;    3;  0.00;  -999;  -999;-999;eor
       5635;201111041652;201111041652;    3;  0.00;  -999;  -999;-999;eor
       5635;201111041653;201111041653;    3;  0.00;  -999;  -999;-999;eor
       5635;201111041654;201111041654;    3;  0.00;  -999;  -999;-999;eor
       5635;201111041655;201111041655;    3;  0.00;  -999;  -999;-999;eor
       5635;201111041656;201111041656;    3;  0.00;  -999;  -999;-999;eor
       5635;201111041657;201111041657;    3;  0.00;  -999;  -999;-999;eor
       5635;201111041658;201111041658;    3;  0.00;  -999;  -999;-999;eor
       5635;201111041659;201111041659;    3;  0.00;  -999;  -999;-999;eor
       5635;201111041700;201111041700;    3;  0.00;  -999;  -999;-999;eor
       5635;201111041701;201111041701;    3;  0.00;  -999;  -999;-999;eor
       5635;201111041702;201111041702;    3;  0.00;  -999;  -999;-999;eor
       5635;201111041703;201111041703;    3;  0.00;  -999;  -999;-999;eor
       5635;201111041704;201111041704;    3;  0.00;  -999;  -999;-999;eor
       5635;201111041705;201111041705;    3;  0.00;  -999;  -999;-999;eor
       5635;201111041706;201111041706;    3;  0.03;  -999;  -999;-999;eor
       5635;201111041707;201111041707;    3;  0.00;  -999;  -999;-999;eor
       5635;201111041708;201111041708;    3;  0.00;  -999;  -999;-999;eor
       5635;201111041709;201111041709;    3;  0.00;  -999;  -999;-999;eor
       5635;201111041710;201111041710;    3;  0.00;  -999;  -999;-999;eor
       5635;201111041711;201111041711;    3;  0.00;  -999;  -999;-999;eor
       5635;201111041712;201111041712;    3;  0.00;  -999;  -999;-999;eor
       5635;201111041713;201111041713;    3;  0.00;  -999;  -999;-999;eor
       5635;201111041714;201111041714;    3;  0.00;  -999;  -999;-999;eor
       5635;201111041715;201111041715;    3;  0.00;  -999;  -999;-999;eor
       5635;201111041716;201111041716;    3;  0.00;  -999;  -999;-999;eor
       5635;201111041717;201111041717;    3;  0.00;  -999;  -999;-999;eor
       5635;201111041718;201111041718;    3;  0.00;  -999;  -999;-999;eor
       5635;201111041719;201111041719;    3;  0.00;  -999;  -999;-999;eor
       5635;201111041720;201111041720;    3;  0.00;  -999;  -999;-999;eor
       5635;201111041721;201111041721;    3;  0.00;  -999;  -999;-999;eor
       5635;201111041722;201111041722;    3;  0.00;  -999;  -999;-999;eor
       5635;201111041723;201111041723;    3;  0.00;  -999;  -999;-999;eor
       5635;201111041724;201111041724;    3;  0.00;  -999;  -999;-999;eor
       5635;201111041725;201111041725;    3;  0.00;  -999;  -999;-999;eor
       5635;201111041726;201111041726;    3;  0.00;  -999;  -999;-999;eor
       5635;201111041727;201111041727;    3;  0.00;  -999;  -999;-999;eor
       5635;201111041728;201111041728;    3;  0.00;  -999;  -999;-999;eor
       5635;201111041729;201111041729;    3;  0.00;  -999;  -999;-999;eor
       5635;201111041730;201111041730;    3;  0.00;  -999;  -999;-999;eor
       5635;201111041731;201111041731;    3;  0.00;  -999;  -999;-999;eor
       5635;201111041732;201111041732;    3;  0.00;  -999;  -999;-999;eor
       5635;201111041733;201111041733;    3;  0.00;  -999;  -999;-999;eor
       5635;201111041734;201111041734;    3;  0.00;  -999;  -999;-999;eor
       5635;201111041735;201111041735;    3;  0.00;  -999;  -999;-999;eor
       5635;201111041736;201111041736;    3;  0.00;  -999;  -999;-999;eor
       5635;201111041737;201111041737;    3;  0.00;  -999;  -999;-999;eor
       5635;201111041738;201111041738;    3;  0.00;  -999;  -999;-999;eor
       5635;201111041739;201111041739;    3;  0.00;  -999;  -999;-999;eor
       5635;201111041740;201111041740;    3;  0.00;  -999;  -999;-999;eor
       5635;201111041741;201111041741;    3;  0.00;  -999;  -999;-999;eor
       5635;201111041742;201111041742;    3;  0.00;  -999;  -999;-999;eor
       5635;201111041743;201111041743;    3;  0.00;  -999;  -999;-999;eor
       5635;201111041744;201111041744;    3;  0.00;  -999;  -999;-999;eor
       5635;201111041745;201111041745;    3;  0.00;  -999;  -999;-999;eor
       5635;201111041746;201111041746;    3;  0.00;  -999;  -999;-999;eor
       5635;201111041747;201111041747;    3;  0.00;  -999;  -999;-999;eor
       5635;201111041748;201111041748;    3;  0.00;  -999;  -999;-999;eor
       5635;201111041749;201111041749;    3;  0.00;  -999;  -999;-999;eor
       5635;201111041750;201111041750;    3;  0.00;  -999;  -999;-999;eor
       5635;201111041751;201111041751;    3;  0.00;  -999;  -999;-999;eor
       5635;201111041752;201111041752;    3;  0.00;  -999;  -999;-999;eor
       5635;201111041753;201111041753;    3;  0.00;  -999;  -999;-999;eor
       5635;201111041754;201111041754;    3;  0.00;  -999;  -999;-999;eor
       5635;201111041755;201111041755;    3;  0.00;  -999;  -999;-999;eor
       5635;201111041756;201111041756;    3;  0.00;  -999;  -999;-999;eor
       5635;201111041757;201111041757;    3;  0.00;  -999;  -999;-999;eor
       5635;201111041758;201111041758;    3;  0.00;  -999;  -999;-999;eor
       5635;201111041759;201111041759;    3;  0.00;  -999;  -999;-999;eor
       5635;201111041800;201111041800;    3;  0.00;  -999;  -999;-999;eor
       5635;201111041801;201111041801;    3;  0.00;  -999;  -999;-999;eor
       5635;201111041802;201111041802;    3;  0.00;  -999;  -999;-999;eor
       5635;201111041803;201111041803;    3;  0.00;  -999;  -999;-999;eor
       5635;201111041804;201111041804;    3;  0.00;  -999;  -999;-999;eor
       5635;201111041805;201111041805;    3;  0.00;  -999;  -999;-999;eor
       5635;201111041806;201111041806;    3;  0.00;  -999;  -999;-999;eor
       5635;201111041807;201111041807;    3;  0.00;  -999;  -999;-999;eor
       5635;201111041808;201111041808;    3;  0.00;  -999;  -999;-999;eor
       5635;201111041809;201111041809;    3;  0.00;  -999;  -999;-999;eor
       5635;201111041810;201111041810;    3;  0.00;  -999;  -999;-999;eor
       5635;201111041811;201111041811;    3;  0.00;  -999;  -999;-999;eor
       5635;201111041812;201111041812;    3;  0.03;  -999;  -999;-999;eor
       5635;201111041813;201111041813;    3;  0.00;  -999;  -999;-999;eor
       5635;201111041814;201111041814;    3;  0.00;  -999;  -999;-999;eor
       5635;201111041815;201111041815;    3;  0.00;  -999;  -999;-999;eor
       5635;201111041816;201111041816;    3;  0.00;  -999;  -999;-999;eor
       5635;201111041817;201111041817;    3;  0.00;  -999;  -999;-999;eor
       5635;201111041818;201111041818;    3;  0.00;  -999;  -999;-999;eor
       5635;201111041819;201111041819;    3;  0.00;  -999;  -999;-999;eor
       5635;201111041820;201111041820;    3;  0.03;  -999;  -999;-999;eor
       5635;201111041821;201111041821;    3;  0.01;  -999;  -999;-999;eor
       5635;201111041822;201111041822;    3;  0.00;  -999;  -999;-999;eor
       5635;201111041823;201111041823;    3;  0.00;  -999;  -999;-999;eor
       5635;201111041824;201111041824;    3;  0.00;  -999;  -999;-999;eor
       5635;201111041825;201111041825;    3;  0.00;  -999;  -999;-999;eor
       5635;201111041826;201111041826;    3;  0.00;  -999;  -999;-999;eor
       5635;201111041827;201111041827;    3;  0.00;  -999;  -999;-999;eor
       5635;201111041828;201111041828;    3;  0.00;  -999;  -999;-999;eor
       5635;201111041829;201111041829;    3;  0.00;  -999;  -999;-999;eor
       5635;201111041830;201111041830;    3;  0.04;  -999;  -999;-999;eor
       5635;201111041831;201111041831;    3;  0.00;  -999;  -999;-999;eor
       5635;201111041832;201111041832;    3;  0.00;  -999;  -999;-999;eor
       5635;201111041833;201111041833;    3;  0.00;  -999;  -999;-999;eor
       5635;201111041834;201111041834;    3;  0.00;  -999;  -999;-999;eor
       5635;201111041835;201111041835;    3;  0.00;  -999;  -999;-999;eor
       5635;201111041836;201111041836;    3;  0.00;  -999;  -999;-999;eor
       5635;201111041837;201111041837;    3;  0.00;  -999;  -999;-999;eor
       5635;201111041838;201111041838;    3;  0.00;  -999;  -999;-999;eor
       5635;201111041839;201111041839;    3;  0.00;  -999;  -999;-999;eor
       5635;201111041840;201111041840;    3;  0.00;  -999;  -999;-999;eor
       5635;201111041841;201111041841;    3;  0.00;  -999;  -999;-999;eor
       5635;201111041842;201111041842;    3;  0.00;  -999;  -999;-999;eor
       5635;201111041843;201111041843;    3;  0.00;  -999;  -999;-999;eor
       5635;201111041844;201111041844;    3;  0.00;  -999;  -999;-999;eor
       5635;201111041845;201111041845;    3;  0.00;  -999;  -999;-999;eor
       5635;201111041846;201111041846;    3;  0.00;  -999;  -999;-999;eor
       5635;201111041847;201111041847;    3;  0.00;  -999;  -999;-999;eor
       5635;201111041848;201111041848;    3;  0.00;  -999;  -999;-999;eor
       5635;201111041849;201111041849;    3;  0.00;  -999;  -999;-999;eor
       5635;201111041850;201111041850;    3;  0.00;  -999;  -999;-999;eor
       5635;201111041851;201111041851;    3;  0.00;  -999;  -999;-999;eor
       5635;201111041852;201111041852;    3;  0.00;  -999;  -999;-999;eor
       5635;201111041853;201111041853;    3;  0.00;  -999;  -999;-999;eor
       5635;201111041854;201111041854;    3;  0.00;  -999;  -999;-999;eor
       5635;201111041855;201111041855;    3;  0.00;  -999;  -999;-999;eor
       5635;201111041856;201111041856;    3;  0.00;  -999;  -999;-999;eor
       5635;201111041857;201111041857;    3;  0.00;  -999;  -999;-999;eor
       5635;201111041858;201111041858;    3;  0.00;  -999;  -999;-999;eor
       5635;201111041859;201111041859;    3;  0.00;  -999;  -999;-999;eor
       5635;201111041900;201111041900;    3;  0.00;  -999;  -999;-999;eor
       5635;201111041901;201111041901;    3;  0.00;  -999;  -999;-999;eor
       5635;201111041902;201111041902;    3;  0.00;  -999;  -999;-999;eor
       5635;201111041903;201111041903;    3;  0.00;  -999;  -999;-999;eor
       5635;201111041904;201111041904;    3;  0.00;  -999;  -999;-999;eor
       5635;201111041905;201111041905;    3;  0.00;  -999;  -999;-999;eor
       5635;201111041906;201111041906;    3;  0.00;  -999;  -999;-999;eor
       5635;201111041907;201111041907;    3;  0.00;  -999;  -999;-999;eor
       5635;201111041908;201111041908;    3;  0.00;  -999;  -999;-999;eor
       5635;201111041909;201111041909;    3;  0.00;  -999;  -999;-999;eor
       5635;201111041910;201111041910;    3;  0.00;  -999;  -999;-999;eor
       5635;201111041911;201111041911;    3;  0.00;  -999;  -999;-999;eor
       5635;201111041912;201111041912;    3;  0.00;  -999;  -999;-999;eor
       5635;201111041913;201111041913;    3;  0.00;  -999;  -999;-999;eor
       5635;201111041914;201111041914;    3;  0.00;  -999;  -999;-999;eor
       5635;201111041915;201111041915;    3;  0.00;  -999;  -999;-999;eor
       5635;201111041916;201111041916;    3;  0.00;  -999;  -999;-999;eor
       5635;201111041917;201111041917;    3;  0.00;  -999;  -999;-999;eor
       5635;201111041918;201111041918;    3;  0.00;  -999;  -999;-999;eor
       5635;201111041919;201111041919;    3;  0.00;  -999;  -999;-999;eor
       5635;201111041920;201111041920;    3;  0.00;  -999;  -999;-999;eor
       5635;201111041921;201111041921;    3;  0.00;  -999;  -999;-999;eor
       5635;201111041922;201111041922;    3;  0.00;  -999;  -999;-999;eor
       5635;201111041923;201111041923;    3;  0.00;  -999;  -999;-999;eor
       5635;201111041924;201111041924;    3;  0.00;  -999;  -999;-999;eor
       5635;201111041925;201111041925;    3;  0.00;  -999;  -999;-999;eor
       5635;201111041926;201111041926;    3;  0.00;  -999;  -999;-999;eor
       5635;201111041927;201111041927;    3;  0.00;  -999;  -999;-999;eor
       5635;201111041928;201111041928;    3;  0.00;  -999;  -999;-999;eor
       5635;201111041929;201111041929;    3;  0.00;  -999;  -999;-999;eor
       5635;201111041930;201111041930;    3;  0.00;  -999;  -999;-999;eor
       5635;201111041931;201111041931;    3;  0.00;  -999;  -999;-999;eor
       5635;201111041932;201111041932;    3;  0.00;  -999;  -999;-999;eor
       5635;201111041933;201111041933;    3;  0.00;  -999;  -999;-999;eor
       5635;201111041934;201111041934;    3;  0.00;  -999;  -999;-999;eor
       5635;201111041935;201111041935;    3;  0.00;  -999;  -999;-999;eor
       5635;201111041936;201111041936;    3;  0.00;  -999;  -999;-999;eor
       5635;201111041937;201111041937;    3;  0.00;  -999;  -999;-999;eor
       5635;201111041938;201111041938;    3;  0.00;  -999;  -999;-999;eor
       5635;201111041939;201111041939;    3;  0.00;  -999;  -999;-999;eor
       5635;201111041940;201111041940;    3;  0.00;  -999;  -999;-999;eor
       5635;201111041941;201111041941;    3;  0.00;  -999;  -999;-999;eor
       5635;201111041942;201111041942;    3;  0.00;  -999;  -999;-999;eor
       5635;201111041943;201111041943;    3;  0.00;  -999;  -999;-999;eor
       5635;201111041944;201111041944;    3;  0.00;  -999;  -999;-999;eor
       5635;201111041945;201111041945;    3;  0.00;  -999;  -999;-999;eor
       5635;201111041946;201111041946;    3;  0.00;  -999;  -999;-999;eor
       5635;201111041947;201111041947;    3;  0.00;  -999;  -999;-999;eor
       5635;201111041948;201111041948;    3;  0.00;  -999;  -999;-999;eor
       5635;201111041949;201111041949;    3;  0.00;  -999;  -999;-999;eor
       5635;201111041950;201111041950;    3;  0.00;  -999;  -999;-999;eor
       5635;201111041951;201111041951;    3;  0.00;  -999;  -999;-999;eor
       5635;201111041952;201111041952;    3;  0.00;  -999;  -999;-999;eor
       5635;201111041953;201111041953;    3;  0.00;  -999;  -999;-999;eor
       5635;201111041954;201111041954;    3;  0.00;  -999;  -999;-999;eor
       5635;201111041955;201111041955;    3;  0.00;  -999;  -999;-999;eor
       5635;201111041956;201111041956;    3;  0.03;  -999;  -999;-999;eor
       5635;201111041957;201111041957;    3;  0.01;  -999;  -999;-999;eor
       5635;201111041958;201111041958;    3;  0.00;  -999;  -999;-999;eor
       5635;201111041959;201111041959;    3;  0.00;  -999;  -999;-999;eor
       5635;201111042000;201111042000;    3;  0.00;  -999;  -999;-999;eor
       5635;201111042001;201111042001;    3;  0.00;  -999;  -999;-999;eor
       5635;201111042002;201111042002;    3;  0.03;  -999;  -999;-999;eor
       5635;201111042003;201111042003;    3;  0.01;  -999;  -999;-999;eor
       5635;201111042004;201111042004;    3;  0.00;  -999;  -999;-999;eor
       5635;201111042005;201111042005;    3;  0.00;  -999;  -999;-999;eor
       5635;201111042006;201111042006;    3;  0.00;  -999;  -999;-999;eor
       5635;201111042007;201111042007;    3;  0.00;  -999;  -999;-999;eor
       5635;201111042008;201111042008;    3;  0.00;  -999;  -999;-999;eor
       5635;201111042009;201111042009;    3;  0.00;  -999;  -999;-999;eor
       5635;201111042010;201111042010;    3;  0.00;  -999;  -999;-999;eor
       5635;201111042011;201111042011;    3;  0.00;  -999;  -999;-999;eor
       5635;201111042012;201111042012;    3;  0.00;  -999;  -999;-999;eor
       5635;201111042013;201111042013;    3;  0.00;  -999;  -999;-999;eor
       5635;201111042014;201111042014;    3;  0.00;  -999;  -999;-999;eor
       5635;201111042015;201111042015;    3;  0.00;  -999;  -999;-999;eor
       5635;201111042016;201111042016;    3;  0.00;  -999;  -999;-999;eor
       5635;201111042017;201111042017;    3;  0.00;  -999;  -999;-999;eor
       5635;201111042018;201111042018;    3;  0.00;  -999;  -999;-999;eor
       5635;201111042019;201111042019;    3;  0.00;  -999;  -999;-999;eor
       5635;201111042020;201111042020;    3;  0.00;  -999;  -999;-999;eor
       5635;201111042021;201111042021;    3;  0.00;  -999;  -999;-999;eor
       5635;201111042022;201111042022;    3;  0.00;  -999;  -999;-999;eor
       5635;201111042023;201111042023;    3;  0.00;  -999;  -999;-999;eor
       5635;201111042024;201111042024;    3;  0.00;  -999;  -999;-999;eor
       5635;201111042025;201111042025;    3;  0.00;  -999;  -999;-999;eor
       5635;201111042026;201111042026;    3;  0.00;  -999;  -999;-999;eor
       5635;201111042027;201111042027;    3;  0.00;  -999;  -999;-999;eor
       5635;201111042028;201111042028;    3;  0.00;  -999;  -999;-999;eor
       5635;201111042029;201111042029;    3;  0.00;  -999;  -999;-999;eor
       5635;201111042030;201111042030;    3;  0.03;  -999;  -999;-999;eor
       5635;201111042031;201111042031;    3;  0.00;  -999;  -999;-999;eor
       5635;201111042032;201111042032;    3;  0.00;  -999;  -999;-999;eor
       5635;201111042033;201111042033;    3;  0.00;  -999;  -999;-999;eor
       5635;201111042034;201111042034;    3;  0.00;  -999;  -999;-999;eor
       5635;201111042035;201111042035;    3;  0.00;  -999;  -999;-999;eor
       5635;201111042036;201111042036;    3;  0.00;  -999;  -999;-999;eor
       5635;201111042037;201111042037;    3;  0.00;  -999;  -999;-999;eor
       5635;201111042038;201111042038;    3;  0.00;  -999;  -999;-999;eor
       5635;201111042039;201111042039;    3;  0.00;  -999;  -999;-999;eor
       5635;201111042040;201111042040;    3;  0.00;  -999;  -999;-999;eor
       5635;201111042041;201111042041;    3;  0.00;  -999;  -999;-999;eor
       5635;201111042042;201111042042;    3;  0.00;  -999;  -999;-999;eor
       5635;201111042043;201111042043;    3;  0.00;  -999;  -999;-999;eor
       5635;201111042044;201111042044;    3;  0.00;  -999;  -999;-999;eor
       5635;201111042045;201111042045;    3;  0.00;  -999;  -999;-999;eor
       5635;201111042046;201111042046;    3;  0.00;  -999;  -999;-999;eor
       5635;201111042047;201111042047;    3;  0.00;  -999;  -999;-999;eor
       5635;201111042048;201111042048;    3;  0.00;  -999;  -999;-999;eor
       5635;201111042049;201111042049;    3;  0.00;  -999;  -999;-999;eor
       5635;201111042050;201111042050;    3;  0.00;  -999;  -999;-999;eor
       5635;201111042051;201111042051;    3;  0.00;  -999;  -999;-999;eor
       5635;201111042052;201111042052;    3;  0.00;  -999;  -999;-999;eor
       5635;201111042053;201111042053;    3;  0.00;  -999;  -999;-999;eor
       5635;201111042054;201111042054;    3;  0.00;  -999;  -999;-999;eor
       5635;201111042055;201111042055;    3;  0.00;  -999;  -999;-999;eor
       5635;201111042056;201111042056;    3;  0.00;  -999;  -999;-999;eor
       5635;201111042057;201111042057;    3;  0.00;  -999;  -999;-999;eor
       5635;201111042058;201111042058;    3;  0.00;  -999;  -999;-999;eor
       5635;201111042059;201111042059;    3;  0.00;  -999;  -999;-999;eor
       5635;201111042100;201111042100;    3;  0.00;  -999;  -999;-999;eor
       5635;201111042101;201111042101;    3;  0.00;  -999;  -999;-999;eor
       5635;201111042102;201111042102;    3;  0.00;  -999;  -999;-999;eor
       5635;201111042103;201111042103;    3;  0.00;  -999;  -999;-999;eor
       5635;201111042104;201111042104;    3;  0.00;  -999;  -999;-999;eor
       5635;201111042105;201111042105;    3;  0.00;  -999;  -999;-999;eor
       5635;201111042106;201111042106;    3;  0.00;  -999;  -999;-999;eor
       5635;201111042107;201111042107;    3;  0.00;  -999;  -999;-999;eor
       5635;201111042108;201111042108;    3;  0.00;  -999;  -999;-999;eor
       5635;201111042109;201111042109;    3;  0.00;  -999;  -999;-999;eor
       5635;201111042110;201111042110;    3;  0.00;  -999;  -999;-999;eor
       5635;201111042111;201111042111;    3;  0.00;  -999;  -999;-999;eor
       5635;201111042112;201111042112;    3;  0.00;  -999;  -999;-999;eor
       5635;201111042113;201111042113;    3;  0.00;  -999;  -999;-999;eor
       5635;201111042114;201111042114;    3;  0.00;  -999;  -999;-999;eor
       5635;201111042115;201111042115;    3;  0.00;  -999;  -999;-999;eor
       5635;201111042116;201111042116;    3;  0.00;  -999;  -999;-999;eor
       5635;201111042117;201111042117;    3;  0.00;  -999;  -999;-999;eor
       5635;201111042118;201111042118;    3;  0.00;  -999;  -999;-999;eor
       5635;201111042119;201111042119;    3;  0.00;  -999;  -999;-999;eor
       5635;201111042120;201111042120;    3;  0.00;  -999;  -999;-999;eor
       5635;201111042121;201111042121;    3;  0.00;  -999;  -999;-999;eor
       5635;201111042122;201111042122;    3;  0.00;  -999;  -999;-999;eor
       5635;201111042123;201111042123;    3;  0.00;  -999;  -999;-999;eor
       5635;201111042124;201111042124;    3;  0.00;  -999;  -999;-999;eor
       5635;201111042125;201111042125;    3;  0.00;  -999;  -999;-999;eor
       5635;201111042126;201111042126;    3;  0.00;  -999;  -999;-999;eor
       5635;201111042127;201111042127;    3;  0.00;  -999;  -999;-999;eor
       5635;201111042128;201111042128;    3;  0.00;  -999;  -999;-999;eor
       5635;201111042129;201111042129;    3;  0.00;  -999;  -999;-999;eor
       5635;201111042130;201111042130;    3;  0.00;  -999;  -999;-999;eor
       5635;201111042131;201111042131;    3;  0.00;  -999;  -999;-999;eor
       5635;201111042132;201111042132;    3;  0.00;  -999;  -999;-999;eor
       5635;201111042133;201111042133;    3;  0.00;  -999;  -999;-999;eor
       5635;201111042134;201111042134;    3;  0.03;  -999;  -999;-999;eor
       5635;201111042135;201111042135;    3;  0.01;  -999;  -999;-999;eor
       5635;201111042136;201111042136;    3;  0.00;  -999;  -999;-999;eor
       5635;201111042137;201111042137;    3;  0.00;  -999;  -999;-999;eor
       5635;201111042138;201111042138;    3;  0.00;  -999;  -999;-999;eor
       5635;201111042139;201111042139;    3;  0.00;  -999;  -999;-999;eor
       5635;201111042140;201111042140;    3;  0.00;  -999;  -999;-999;eor
       5635;201111042141;201111042141;    3;  0.00;  -999;  -999;-999;eor
       5635;201111042142;201111042142;    3;  0.00;  -999;  -999;-999;eor
       5635;201111042143;201111042143;    3;  0.00;  -999;  -999;-999;eor
       5635;201111042144;201111042144;    3;  0.03;  -999;  -999;-999;eor
       5635;201111042145;201111042145;    3;  0.00;  -999;  -999;-999;eor
       5635;201111042146;201111042146;    3;  0.00;  -999;  -999;-999;eor
       5635;201111042147;201111042147;    3;  0.00;  -999;  -999;-999;eor
       5635;201111042148;201111042148;    3;  0.00;  -999;  -999;-999;eor
       5635;201111042149;201111042149;    3;  0.00;  -999;  -999;-999;eor
       5635;201111042150;201111042150;    3;  0.00;  -999;  -999;-999;eor
       5635;201111042151;201111042151;    3;  0.00;  -999;  -999;-999;eor
       5635;201111042152;201111042152;    3;  0.00;  -999;  -999;-999;eor
       5635;201111042153;201111042153;    3;  0.00;  -999;  -999;-999;eor
       5635;201111042154;201111042154;    3;  0.00;  -999;  -999;-999;eor
       5635;201111042155;201111042155;    3;  0.00;  -999;  -999;-999;eor
       5635;201111042156;201111042156;    3;  0.00;  -999;  -999;-999;eor
       5635;201111042157;201111042157;    3;  0.00;  -999;  -999;-999;eor
       5635;201111042158;201111042158;    3;  0.00;  -999;  -999;-999;eor
       5635;201111042159;201111042159;    3;  0.00;  -999;  -999;-999;eor
       5635;201111042200;201111042259;    3;  0.00;  -999;  -999;-999;eor
       5635;201111042300;201111042359;    3;  0.00;  -999;  -999;-999;eor
       5635;201111050000;201111052359;    3;  0.00;  -999;  -999;-999;eor
       5635;201111060000;201111062359;    3;  0.00;  -999;  -999;-999;eor
       5635;201111070000;201111072359;    3;  0.00;  -999;  -999;-999;eor
       5635;201111080000;201111082359;    3;  0.00;  -999;  -999;-999;eor
       5635;201111090000;201111092359;    3;  0.00;  -999;  -999;-999;eor
       5635;201111100000;201111102359;    3;  0.00;  -999;  -999;-999;eor
       5635;201111110000;201111112359;    3;  0.00;  -999;  -999;-999;eor
       5635;201111120000;201111122359;    3;  0.00;  -999;  -999;-999;eor
       5635;201111130000;201111132359;    3;  0.00;  -999;  -999;-999;eor
       5635;201111140000;201111142359;    3;  0.00;  -999;  -999;-999;eor
       5635;201111150000;201111152359;    3;  0.00;  -999;  -999;-999;eor
       5635;201111160000;201111162359;    3;  0.00;  -999;  -999;-999;eor
       5635;201111170000;201111170059;    3;  0.00;  -999;  -999;-999;eor
       5635;201111170100;201111170159;    3;  0.00;  -999;  -999;-999;eor
       5635;201111170200;201111170259;    3;  0.00;  -999;  -999;-999;eor
       5635;201111170300;201111170359;    3;  0.00;  -999;  -999;-999;eor
       5635;201111170400;201111170459;    3;  0.00;  -999;  -999;-999;eor
       5635;201111170500;201111170559;    3;  0.00;  -999;  -999;-999;eor
       5635;201111170600;201111170659;    3;  0.00;  -999;  -999;-999;eor
       5635;201111170700;201111170759;    3;  0.00;  -999;  -999;-999;eor
       5635;201111170800;201111170859;    3;  0.00;  -999;  -999;-999;eor
       5635;201111170900;201111170959;    3;  0.00;  -999;  -999;-999;eor
       5635;201111171000;201111171059;    3;  0.00;  -999;  -999;-999;eor
       5635;201111171100;201111171159;    3;  0.00;  -999;  -999;-999;eor
       5635;201111171200;201111171259;    3;  0.00;  -999;  -999;-999;eor
       5635;201111171300;201111171359;    3;  0.00;  -999;  -999;-999;eor
       5635;201111171400;201111171400;    3;  0.00;  -999;  -999;-999;eor
       5635;201111171401;201111171401;    3;  0.00;  -999;  -999;-999;eor
       5635;201111171402;201111171402;    3;  0.00;  -999;  -999;-999;eor
       5635;201111171403;201111171403;    3;  0.00;  -999;  -999;-999;eor
       5635;201111171404;201111171404;    3;  0.00;  -999;  -999;-999;eor
       5635;201111171405;201111171405;    3;  0.00;  -999;  -999;-999;eor
       5635;201111171406;201111171406;    3;  0.00;  -999;  -999;-999;eor
       5635;201111171407;201111171407;    3;  0.00;  -999;  -999;-999;eor
       5635;201111171408;201111171408;    3;  0.00;  -999;  -999;-999;eor
       5635;201111171409;201111171409;    3;  0.00;  -999;  -999;-999;eor
       5635;201111171410;201111171410;    3;  0.00;  -999;  -999;-999;eor
       5635;201111171411;201111171411;    3;  0.00;  -999;  -999;-999;eor
       5635;201111171412;201111171412;    3;  0.00;  -999;  -999;-999;eor
       5635;201111171413;201111171413;    3;  0.00;  -999;  -999;-999;eor
       5635;201111171414;201111171414;    3;  0.00;  -999;  -999;-999;eor
       5635;201111171415;201111171415;    3;  0.00;  -999;  -999;-999;eor
       5635;201111171416;201111171416;    3;  0.00;  -999;  -999;-999;eor
       5635;201111171417;201111171417;    3;  0.00;  -999;  -999;-999;eor
       5635;201111171418;201111171418;    3;  0.00;  -999;  -999;-999;eor
       5635;201111171419;201111171419;    3;  0.00;  -999;  -999;-999;eor
       5635;201111171420;201111171420;    3;  0.00;  -999;  -999;-999;eor
       5635;201111171421;201111171421;    3;  0.00;  -999;  -999;-999;eor
       5635;201111171422;201111171422;    3;  0.00;  -999;  -999;-999;eor
       5635;201111171423;201111171423;    3;  0.00;  -999;  -999;-999;eor
       5635;201111171424;201111171424;    3;  0.00;  -999;  -999;-999;eor
       5635;201111171425;201111171425;    3;  0.00;  -999;  -999;-999;eor
       5635;201111171426;201111171426;    3;  0.00;  -999;  -999;-999;eor
       5635;201111171427;201111171427;    3;  0.00;  -999;  -999;-999;eor
       5635;201111171428;201111171428;    3;  0.00;  -999;  -999;-999;eor
       5635;201111171429;201111171429;    3;  0.00;  -999;  -999;-999;eor
       5635;201111171430;201111171430;    3;  0.00;  -999;  -999;-999;eor
       5635;201111171431;201111171431;    3;  0.00;  -999;  -999;-999;eor
       5635;201111171432;201111171432;    3;  0.00;  -999;  -999;-999;eor
       5635;201111171433;201111171433;    3;  0.00;  -999;  -999;-999;eor
       5635;201111171434;201111171434;    3;  0.00;  -999;  -999;-999;eor
       5635;201111171435;201111171435;    3;  0.00;  -999;  -999;-999;eor
       5635;201111171436;201111171436;    3;  0.00;  -999;  -999;-999;eor
       5635;201111171437;201111171437;    3;  0.00;  -999;  -999;-999;eor
       5635;201111171438;201111171438;    3;  0.00;  -999;  -999;-999;eor
       5635;201111171439;201111171439;    3;  0.00;  -999;  -999;-999;eor
       5635;201111171440;201111171440;    3;  0.00;  -999;  -999;-999;eor
       5635;201111171441;201111171441;    3;  0.00;  -999;  -999;-999;eor
       5635;201111171442;201111171442;    3;  0.00;  -999;  -999;-999;eor
       5635;201111171443;201111171443;    3;  0.00;  -999;  -999;-999;eor
       5635;201111171444;201111171444;    3;  0.00;  -999;  -999;-999;eor
       5635;201111171445;201111171445;    3;  0.04;  -999;  -999;-999;eor
       5635;201111171446;201111171446;    3;  0.00;  -999;  -999;-999;eor
       5635;201111171447;201111171447;    3;  0.00;  -999;  -999;-999;eor
       5635;201111171448;201111171448;    3;  0.00;  -999;  -999;-999;eor
       5635;201111171449;201111171449;    3;  0.00;  -999;  -999;-999;eor
       5635;201111171450;201111171450;    3;  0.03;  -999;  -999;-999;eor
       5635;201111171451;201111171451;    3;  0.04;  -999;  -999;-999;eor
       5635;201111171452;201111171452;    3;  0.03;  -999;  -999;-999;eor
       5635;201111171453;201111171453;    3;  0.05;  -999;  -999;-999;eor
       5635;201111171454;201111171454;    3;  0.02;  -999;  -999;-999;eor
       5635;201111171455;201111171455;    3;  0.00;  -999;  -999;-999;eor
       5635;201111171456;201111171456;    3;  0.03;  -999;  -999;-999;eor
       5635;201111171457;201111171457;    3;  0.00;  -999;  -999;-999;eor
       5635;201111171458;201111171458;    3;  0.00;  -999;  -999;-999;eor
       5635;201111171459;201111171459;    3;  0.00;  -999;  -999;-999;eor
       5635;201111171500;201111171500;    3;  0.00;  -999;  -999;-999;eor
       5635;201111171501;201111171501;    3;  0.00;  -999;  -999;-999;eor
       5635;201111171502;201111171502;    3;  0.00;  -999;  -999;-999;eor
       5635;201111171503;201111171503;    3;  0.00;  -999;  -999;-999;eor
       5635;201111171504;201111171504;    3;  0.04;  -999;  -999;-999;eor
       5635;201111171505;201111171505;    3;  0.02;  -999;  -999;-999;eor
       5635;201111171506;201111171506;    3;  0.00;  -999;  -999;-999;eor
       5635;201111171507;201111171507;    3;  0.03;  -999;  -999;-999;eor
       5635;201111171508;201111171508;    3;  0.00;  -999;  -999;-999;eor
       5635;201111171509;201111171509;    3;  0.00;  -999;  -999;-999;eor
       5635;201111171510;201111171510;    3;  0.00;  -999;  -999;-999;eor
       5635;201111171511;201111171511;    3;  0.00;  -999;  -999;-999;eor
       5635;201111171512;201111171512;    3;  0.00;  -999;  -999;-999;eor
       5635;201111171513;201111171513;    3;  0.00;  -999;  -999;-999;eor
       5635;201111171514;201111171514;    3;  0.03;  -999;  -999;-999;eor
       5635;201111171515;201111171515;    3;  0.01;  -999;  -999;-999;eor
       5635;201111171516;201111171516;    3;  0.00;  -999;  -999;-999;eor
       5635;201111171517;201111171517;    3;  0.00;  -999;  -999;-999;eor
       5635;201111171518;201111171518;    3;  0.00;  -999;  -999;-999;eor
       5635;201111171519;201111171519;    3;  0.00;  -999;  -999;-999;eor
       5635;201111171520;201111171520;    3;  0.00;  -999;  -999;-999;eor
       5635;201111171521;201111171521;    3;  0.00;  -999;  -999;-999;eor
       5635;201111171522;201111171522;    3;  0.00;  -999;  -999;-999;eor
       5635;201111171523;201111171523;    3;  0.00;  -999;  -999;-999;eor
       5635;201111171524;201111171524;    3;  0.00;  -999;  -999;-999;eor
       5635;201111171525;201111171525;    3;  0.00;  -999;  -999;-999;eor
       5635;201111171526;201111171526;    3;  0.00;  -999;  -999;-999;eor
       5635;201111171527;201111171527;    3;  0.00;  -999;  -999;-999;eor
       5635;201111171528;201111171528;    3;  0.00;  -999;  -999;-999;eor
       5635;201111171529;201111171529;    3;  0.00;  -999;  -999;-999;eor
       5635;201111171530;201111171530;    3;  0.00;  -999;  -999;-999;eor
       5635;201111171531;201111171531;    3;  0.00;  -999;  -999;-999;eor
       5635;201111171532;201111171532;    3;  0.00;  -999;  -999;-999;eor
       5635;201111171533;201111171533;    3;  0.00;  -999;  -999;-999;eor
       5635;201111171534;201111171534;    3;  0.00;  -999;  -999;-999;eor
       5635;201111171535;201111171535;    3;  0.00;  -999;  -999;-999;eor
       5635;201111171536;201111171536;    3;  0.00;  -999;  -999;-999;eor
       5635;201111171537;201111171537;    3;  0.00;  -999;  -999;-999;eor
       5635;201111171538;201111171538;    3;  0.00;  -999;  -999;-999;eor
       5635;201111171539;201111171539;    3;  0.00;  -999;  -999;-999;eor
       5635;201111171540;201111171540;    3;  0.00;  -999;  -999;-999;eor
       5635;201111171541;201111171541;    3;  0.00;  -999;  -999;-999;eor
       5635;201111171542;201111171542;    3;  0.00;  -999;  -999;-999;eor
       5635;201111171543;201111171543;    3;  0.00;  -999;  -999;-999;eor
       5635;201111171544;201111171544;    3;  0.00;  -999;  -999;-999;eor
       5635;201111171545;201111171545;    3;  0.00;  -999;  -999;-999;eor
       5635;201111171546;201111171546;    3;  0.00;  -999;  -999;-999;eor
       5635;201111171547;201111171547;    3;  0.00;  -999;  -999;-999;eor
       5635;201111171548;201111171548;    3;  0.00;  -999;  -999;-999;eor
       5635;201111171549;201111171549;    3;  0.00;  -999;  -999;-999;eor
       5635;201111171550;201111171550;    3;  0.00;  -999;  -999;-999;eor
       5635;201111171551;201111171551;    3;  0.00;  -999;  -999;-999;eor
       5635;201111171552;201111171552;    3;  0.00;  -999;  -999;-999;eor
       5635;201111171553;201111171553;    3;  0.00;  -999;  -999;-999;eor
       5635;201111171554;201111171554;    3;  0.00;  -999;  -999;-999;eor
       5635;201111171555;201111171555;    3;  0.00;  -999;  -999;-999;eor
       5635;201111171556;201111171556;    3;  0.00;  -999;  -999;-999;eor
       5635;201111171557;201111171557;    3;  0.00;  -999;  -999;-999;eor
       5635;201111171558;201111171558;    3;  0.00;  -999;  -999;-999;eor
       5635;201111171559;201111171559;    3;  0.00;  -999;  -999;-999;eor
       5635;201111171600;201111171659;    3;  0.00;  -999;  -999;-999;eor
       5635;201111171700;201111171759;    3;  0.00;  -999;  -999;-999;eor
       5635;201111171800;201111171859;    3;  0.00;  -999;  -999;-999;eor
       5635;201111171900;201111171959;    3;  0.00;  -999;  -999;-999;eor
       5635;201111172000;201111172059;    3;  0.00;  -999;  -999;-999;eor
       5635;201111172100;201111172159;    3;  0.00;  -999;  -999;-999;eor
       5635;201111172200;201111172259;    3;  0.00;  -999;  -999;-999;eor
       5635;201111172300;201111172359;    3;  0.00;  -999;  -999;-999;eor
       5635;201111180000;201111182359;    3;  0.00;  -999;  -999;-999;eor
       5635;201111190000;201111192359;    3;  0.00;  -999;  -999;-999;eor
       5635;201111200000;201111202359;    3;  0.00;  -999;  -999;-999;eor
       5635;201111210000;201111212359;    3;  0.00;  -999;  -999;-999;eor
       5635;201111220000;201111222359;    3;  0.00;  -999;  -999;-999;eor
       5635;201111230000;201111232359;    3;  0.00;  -999;  -999;-999;eor
       5635;201111240000;201111242359;    3;  0.00;  -999;  -999;-999;eor
       5635;201111250000;201111252359;    3;  0.00;  -999;  -999;-999;eor
       5635;201111260000;201111262359;    3;  0.00;  -999;  -999;-999;eor
       5635;201111270000;201111272359;    3;  0.00;  -999;  -999;-999;eor
       5635;201111280000;201111282359;    3;  0.00;  -999;  -999;-999;eor
       5635;201111290000;201111290059;    3;  0.00;  -999;  -999;-999;eor
       5635;201111290100;201111290159;    3;  0.00;  -999;  -999;-999;eor
       5635;201111290200;201111290259;    3;  0.00;  -999;  -999;-999;eor
       5635;201111290300;201111290359;    3;  0.00;  -999;  -999;-999;eor
       5635;201111290400;201111290459;    3;  0.00;  -999;  -999;-999;eor
       5635;201111290500;201111290559;    3;  0.00;  -999;  -999;-999;eor
       5635;201111290600;201111290659;    3;  0.00;  -999;  -999;-999;eor
       5635;201111290700;201111290759;    3;  0.00;  -999;  -999;-999;eor
       5635;201111290800;201111290859;    3;  0.00;  -999;  -999;-999;eor
       5635;201111290900;201111290959;    3;  0.00;  -999;  -999;-999;eor
       5635;201111291000;201111291059;    3;  0.00;  -999;  -999;-999;eor
       5635;201111291100;201111291159;    3;  0.00;  -999;  -999;-999;eor
       5635;201111291200;201111291259;    3;  0.00;  -999;  -999;-999;eor
       5635;201111291300;201111291359;    3;  0.00;  -999;  -999;-999;eor
       5635;201111291400;201111291459;    3;  0.00;  -999;  -999;-999;eor
       5635;201111291500;201111291559;    3;  0.00;  -999;  -999;-999;eor
       5635;201111291600;201111291659;    3;  0.00;  -999;  -999;-999;eor
       5635;201111291700;201111291759;    3;  0.00;  -999;  -999;-999;eor
       5635;201111291800;201111291859;    3;  0.00;  -999;  -999;-999;eor
       5635;201111291900;201111291959;    3;  0.00;  -999;  -999;-999;eor
       5635;201111292000;201111292059;    3;  0.00;  -999;  -999;-999;eor
       5635;201111292100;201111292159;    3;  0.00;  -999;  -999;-999;eor
       5635;201111292200;201111292259;    3;  0.00;  -999;  -999;-999;eor
       5635;201111292300;201111292300;    3;  0.00;  -999;  -999;-999;eor
       5635;201111292301;201111292301;    3;  0.00;  -999;  -999;-999;eor
       5635;201111292302;201111292302;    3;  0.00;  -999;  -999;-999;eor
       5635;201111292303;201111292303;    3;  0.00;  -999;  -999;-999;eor
       5635;201111292304;201111292304;    3;  0.00;  -999;  -999;-999;eor
       5635;201111292305;201111292305;    3;  0.00;  -999;  -999;-999;eor
       5635;201111292306;201111292306;    3;  0.00;  -999;  -999;-999;eor
       5635;201111292307;201111292307;    3;  0.00;  -999;  -999;-999;eor
       5635;201111292308;201111292308;    3;  0.00;  -999;  -999;-999;eor
       5635;201111292309;201111292309;    3;  0.00;  -999;  -999;-999;eor
       5635;201111292310;201111292310;    3;  0.00;  -999;  -999;-999;eor
       5635;201111292311;201111292311;    3;  0.00;  -999;  -999;-999;eor
       5635;201111292312;201111292312;    3;  0.00;  -999;  -999;-999;eor
       5635;201111292313;201111292313;    3;  0.00;  -999;  -999;-999;eor
       5635;201111292314;201111292314;    3;  0.00;  -999;  -999;-999;eor
       5635;201111292315;201111292315;    3;  0.00;  -999;  -999;-999;eor
       5635;201111292316;201111292316;    3;  0.00;  -999;  -999;-999;eor
       5635;201111292317;201111292317;    3;  0.00;  -999;  -999;-999;eor
       5635;201111292318;201111292318;    3;  0.00;  -999;  -999;-999;eor
       5635;201111292319;201111292319;    3;  0.00;  -999;  -999;-999;eor
       5635;201111292320;201111292320;    3;  0.00;  -999;  -999;-999;eor
       5635;201111292321;201111292321;    3;  0.00;  -999;  -999;-999;eor
       5635;201111292322;201111292322;    3;  0.00;  -999;  -999;-999;eor
       5635;201111292323;201111292323;    3;  0.00;  -999;  -999;-999;eor
       5635;201111292324;201111292324;    3;  0.00;  -999;  -999;-999;eor
       5635;201111292325;201111292325;    3;  0.00;  -999;  -999;-999;eor
       5635;201111292326;201111292326;    3;  0.00;  -999;  -999;-999;eor
       5635;201111292327;201111292327;    3;  0.00;  -999;  -999;-999;eor
       5635;201111292328;201111292328;    3;  0.00;  -999;  -999;-999;eor
       5635;201111292329;201111292329;    3;  0.00;  -999;  -999;-999;eor
       5635;201111292330;201111292330;    3;  0.00;  -999;  -999;-999;eor
       5635;201111292331;201111292331;    3;  0.00;  -999;  -999;-999;eor
       5635;201111292332;201111292332;    3;  0.00;  -999;  -999;-999;eor
       5635;201111292333;201111292333;    3;  0.00;  -999;  -999;-999;eor
       5635;201111292334;201111292334;    3;  0.04;  -999;  -999;-999;eor
       5635;201111292335;201111292335;    3;  0.01;  -999;  -999;-999;eor
       5635;201111292336;201111292336;    3;  0.00;  -999;  -999;-999;eor
       5635;201111292337;201111292337;    3;  0.00;  -999;  -999;-999;eor
       5635;201111292338;201111292338;    3;  0.00;  -999;  -999;-999;eor
       5635;201111292339;201111292339;    3;  0.00;  -999;  -999;-999;eor
       5635;201111292340;201111292340;    3;  0.00;  -999;  -999;-999;eor
       5635;201111292341;201111292341;    3;  0.00;  -999;  -999;-999;eor
       5635;201111292342;201111292342;    3;  0.00;  -999;  -999;-999;eor
       5635;201111292343;201111292343;    3;  0.00;  -999;  -999;-999;eor
       5635;201111292344;201111292344;    3;  0.00;  -999;  -999;-999;eor
       5635;201111292345;201111292345;    3;  0.00;  -999;  -999;-999;eor
       5635;201111292346;201111292346;    3;  0.00;  -999;  -999;-999;eor
       5635;201111292347;201111292347;    3;  0.00;  -999;  -999;-999;eor
       5635;201111292348;201111292348;    3;  0.00;  -999;  -999;-999;eor
       5635;201111292349;201111292349;    3;  0.00;  -999;  -999;-999;eor
       5635;201111292350;201111292350;    3;  0.00;  -999;  -999;-999;eor
       5635;201111292351;201111292351;    3;  0.00;  -999;  -999;-999;eor
       5635;201111292352;201111292352;    3;  0.00;  -999;  -999;-999;eor
       5635;201111292353;201111292353;    3;  0.00;  -999;  -999;-999;eor
       5635;201111292354;201111292354;    3;  0.00;  -999;  -999;-999;eor
       5635;201111292355;201111292355;    3;  0.00;  -999;  -999;-999;eor
       5635;201111292356;201111292356;    3;  0.00;  -999;  -999;-999;eor
       5635;201111292357;201111292357;    3;  0.00;  -999;  -999;-999;eor
       5635;201111292358;201111292358;    3;  0.00;  -999;  -999;-999;eor
       5635;201111292359;201111292359;    3;  0.00;  -999;  -999;-999;eor
       5635;201111300000;201111300000;    3;  0.00;  -999;  -999;-999;eor
       5635;201111300001;201111300001;    3;  0.00;  -999;  -999;-999;eor
       5635;201111300002;201111300002;    3;  0.03;  -999;  -999;-999;eor
       5635;201111300003;201111300003;    3;  0.00;  -999;  -999;-999;eor
       5635;201111300004;201111300004;    3;  0.00;  -999;  -999;-999;eor
       5635;201111300005;201111300005;    3;  0.00;  -999;  -999;-999;eor
       5635;201111300006;201111300006;    3;  0.00;  -999;  -999;-999;eor
       5635;201111300007;201111300007;    3;  0.00;  -999;  -999;-999;eor
       5635;201111300008;201111300008;    3;  0.00;  -999;  -999;-999;eor
       5635;201111300009;201111300009;    3;  0.00;  -999;  -999;-999;eor
       5635;201111300010;201111300010;    3;  0.00;  -999;  -999;-999;eor
       5635;201111300011;201111300011;    3;  0.00;  -999;  -999;-999;eor
       5635;201111300012;201111300012;    3;  0.00;  -999;  -999;-999;eor
       5635;201111300013;201111300013;    3;  0.00;  -999;  -999;-999;eor
       5635;201111300014;201111300014;    3;  0.00;  -999;  -999;-999;eor
       5635;201111300015;201111300015;    3;  0.00;  -999;  -999;-999;eor
       5635;201111300016;201111300016;    3;  0.00;  -999;  -999;-999;eor
       5635;201111300017;201111300017;    3;  0.00;  -999;  -999;-999;eor
       5635;201111300018;201111300018;    3;  0.00;  -999;  -999;-999;eor
       5635;201111300019;201111300019;    3;  0.00;  -999;  -999;-999;eor
       5635;201111300020;201111300020;    3;  0.00;  -999;  -999;-999;eor
       5635;201111300021;201111300021;    3;  0.00;  -999;  -999;-999;eor
       5635;201111300022;201111300022;    3;  0.00;  -999;  -999;-999;eor
       5635;201111300023;201111300023;    3;  0.00;  -999;  -999;-999;eor
       5635;201111300024;201111300024;    3;  0.00;  -999;  -999;-999;eor
       5635;201111300025;201111300025;    3;  0.00;  -999;  -999;-999;eor
       5635;201111300026;201111300026;    3;  0.00;  -999;  -999;-999;eor
       5635;201111300027;201111300027;    3;  0.00;  -999;  -999;-999;eor
       5635;201111300028;201111300028;    3;  0.00;  -999;  -999;-999;eor
       5635;201111300029;201111300029;    3;  0.00;  -999;  -999;-999;eor
       5635;201111300030;201111300030;    3;  0.00;  -999;  -999;-999;eor
       5635;201111300031;201111300031;    3;  0.00;  -999;  -999;-999;eor
       5635;201111300032;201111300032;    3;  0.00;  -999;  -999;-999;eor
       5635;201111300033;201111300033;    3;  0.00;  -999;  -999;-999;eor
       5635;201111300034;201111300034;    3;  0.00;  -999;  -999;-999;eor
       5635;201111300035;201111300035;    3;  0.00;  -999;  -999;-999;eor
       5635;201111300036;201111300036;    3;  0.00;  -999;  -999;-999;eor
       5635;201111300037;201111300037;    3;  0.00;  -999;  -999;-999;eor
       5635;201111300038;201111300038;    3;  0.00;  -999;  -999;-999;eor
       5635;201111300039;201111300039;    3;  0.00;  -999;  -999;-999;eor
       5635;201111300040;201111300040;    3;  0.00;  -999;  -999;-999;eor
       5635;201111300041;201111300041;    3;  0.00;  -999;  -999;-999;eor
       5635;201111300042;201111300042;    3;  0.00;  -999;  -999;-999;eor
       5635;201111300043;201111300043;    3;  0.00;  -999;  -999;-999;eor
       5635;201111300044;201111300044;    3;  0.00;  -999;  -999;-999;eor
       5635;201111300045;201111300045;    3;  0.00;  -999;  -999;-999;eor
       5635;201111300046;201111300046;    3;  0.00;  -999;  -999;-999;eor
       5635;201111300047;201111300047;    3;  0.00;  -999;  -999;-999;eor
       5635;201111300048;201111300048;    3;  0.00;  -999;  -999;-999;eor
       5635;201111300049;201111300049;    3;  0.00;  -999;  -999;-999;eor
       5635;201111300050;201111300050;    3;  0.00;  -999;  -999;-999;eor
       5635;201111300051;201111300051;    3;  0.00;  -999;  -999;-999;eor
       5635;201111300052;201111300052;    3;  0.00;  -999;  -999;-999;eor
       5635;201111300053;201111300053;    3;  0.00;  -999;  -999;-999;eor
       5635;201111300054;201111300054;    3;  0.00;  -999;  -999;-999;eor
       5635;201111300055;201111300055;    3;  0.00;  -999;  -999;-999;eor
       5635;201111300056;201111300056;    3;  0.00;  -999;  -999;-999;eor
       5635;201111300057;201111300057;    3;  0.00;  -999;  -999;-999;eor
       5635;201111300058;201111300058;    3;  0.00;  -999;  -999;-999;eor
       5635;201111300059;201111300059;    3;  0.00;  -999;  -999;-999;eor
       5635;201111300100;201111300159;    3;  0.00;  -999;  -999;-999;eor
       5635;201111300200;201111300259;    3;  0.00;  -999;  -999;-999;eor
       5635;201111300300;201111300359;    3;  0.00;  -999;  -999;-999;eor
       5635;201111300400;201111300459;    3;  0.00;  -999;  -999;-999;eor
       5635;201111300500;201111300559;    3;  0.00;  -999;  -999;-999;eor
       5635;201111300600;201111300659;    3;  0.00;  -999;  -999;-999;eor
       5635;201111300700;201111300759;    3;  0.00;  -999;  -999;-999;eor
       5635;201111300800;201111300859;    3;  0.00;  -999;  -999;-999;eor
       5635;201111300900;201111300959;    3;  0.00;  -999;  -999;-999;eor
       5635;201111301000;201111301059;    3;  0.00;  -999;  -999;-999;eor
       5635;201111301100;201111301159;    3;  0.00;  -999;  -999;-999;eor
       5635;201111301200;201111301259;    3;  0.00;  -999;  -999;-999;eor
       5635;201111301300;201111301359;    3;  0.00;  -999;  -999;-999;eor
       5635;201111301400;201111301459;    3;  0.00;  -999;  -999;-999;eor
       5635;201111301500;201111301559;    3;  0.00;  -999;  -999;-999;eor
       5635;201111301600;201111301659;    3;  0.00;  -999;  -999;-999;eor
       5635;201111301700;201111301759;    3;  0.00;  -999;  -999;-999;eor
       5635;201111301800;201111301859;    3;  0.00;  -999;  -999;-999;eor
       5635;201111301900;201111301959;    3;  0.00;  -999;  -999;-999;eor
       5635;201111302000;201111302059;    3;  0.00;  -999;  -999;-999;eor
       5635;201111302100;201111302159;    3;  0.00;  -999;  -999;-999;eor
       5635;201111302200;201111302259;    3;  0.00;  -999;  -999;-999;eor
       5635;201111302300;201111302359;    3;  0.00;  -999;  -999;-999;eor
