STATIONS_ID;MESS_DATUM_BEGINN;MESS_DATUM_ENDE;QN;RS_01;RTH_01;RWH_01;RS_IND_01;eor
       2497;201111010000;201111012359;    3;  0.00;  -999;  -999;-999;eor
       2497;201111020000;201111020059;    3;  0.00;  -999;  -999;-999;eor
       2497;201111020100;201111020100;    3;  0.00;  -999;  -999;-999;eor
       2497;201111020101;201111020101;    3;  0.00;  -999;  -999;-999;eor
       2497;201111020102;201111020102;    3;  0.00;  -999;  -999;-999;eor
       2497;201111020103;201111020103;    3;  0.00;  -999;  -999;-999;eor
       2497;201111020104;201111020104;    3;  0.00;  -999;  -999;-999;eor
       2497;201111020105;201111020105;    3;  0.00;  -999;  -999;-999;eor
       2497;201111020106;201111020106;    3;  0.00;  -999;  -999;-999;eor
       2497;201111020107;201111020107;    3;  0.04;  -999;  -999;-999;eor
       2497;201111020108;201111020108;    3;  0.00;  -999;  -999;-999;eor
       2497;201111020109;201111020109;    3;  0.00;  -999;  -999;-999;eor
       2497;201111020110;201111020110;    3;  0.00;  -999;  -999;-999;eor
       2497;201111020111;201111020111;    3;  0.00;  -999;  -999;-999;eor
       2497;201111020112;201111020112;    3;  0.00;  -999;  -999;-999;eor
       2497;201111020113;201111020113;    3;  0.00;  -999;  -999;-999;eor
       2497;201111020114;201111020114;    3;  0.00;  -999;  -999;-999;eor
       2497;201111020115;201111020115;    3;  0.00;  -999;  -999;-999;eor
       2497;201111020116;201111020116;    3;  0.04;  -999;  -999;-999;eor
       2497;201111020117;201111020117;    3;  0.02;  -999;  -999;-999;eor
       2497;201111020118;201111020118;    3;  0.00;  -999;  -999;-999;eor
       2497;201111020119;201111020119;    3;  0.05;  -999;  -999;-999;eor
       2497;201111020120;201111020120;    3;  0.04;  -999;  -999;-999;eor
       2497;201111020121;201111020121;    3;  0.04;  -999;  -999;-999;eor
       2497;201111020122;201111020122;    3;  0.02;  -999;  -999;-999;eor
       2497;201111020123;201111020123;    3;  0.00;  -999;  -999;-999;eor
       2497;201111020124;201111020124;    3;  0.04;  -999;  -999;-999;eor
       2497;201111020125;201111020125;    3;  0.04;  -999;  -999;-999;eor
       2497;201111020126;201111020126;    3;  0.02;  -999;  -999;-999;eor
       2497;201111020127;201111020127;    3;  0.00;  -999;  -999;-999;eor
       2497;201111020128;201111020128;    3;  0.03;  -999;  -999;-999;eor
       2497;201111020129;201111020129;    3;  0.00;  -999;  -999;-999;eor
       2497;201111020130;201111020130;    3;  0.00;  -999;  -999;-999;eor
       2497;201111020131;201111020131;    3;  0.00;  -999;  -999;-999;eor
       2497;201111020132;201111020132;    3;  0.00;  -999;  -999;-999;eor
       2497;201111020133;201111020133;    3;  0.00;  -999;  -999;-999;eor
       2497;201111020134;201111020134;    3;  0.00;  -999;  -999;-999;eor
       2497;201111020135;201111020135;    3;  0.00;  -999;  -999;-999;eor
       2497;201111020136;201111020136;    3;  0.00;  -999;  -999;-999;eor
       2497;201111020137;201111020137;    3;  0.00;  -999;  -999;-999;eor
       2497;201111020138;201111020138;    3;  0.00;  -999;  -999;-999;eor
       2497;201111020139;201111020139;    3;  0.00;  -999;  -999;-999;eor
       2497;201111020140;201111020140;    3;  0.00;  -999;  -999;-999;eor
       2497;201111020141;201111020141;    3;  0.00;  -999;  -999;-999;eor
       2497;201111020142;201111020142;    3;  0.00;  -999;  -999;-999;eor
       2497;201111020143;201111020143;    3;  0.00;  -999;  -999;-999;eor
       2497;201111020144;201111020144;    3;  0.00;  -999;  -999;-999;eor
       2497;201111020145;201111020145;    3;  0.00;  -999;  -999;-999;eor
       2497;201111020146;201111020146;    3;  0.00;  -999;  -999;-999;eor
       2497;201111020147;201111020147;    3;  0.00;  -999;  -999;-999;eor
       2497;201111020148;201111020148;    3;  0.00;  -999;  -999;-999;eor
       2497;201111020149;201111020149;    3;  0.00;  -999;  -999;-999;eor
       2497;201111020150;201111020150;    3;  0.00;  -999;  -999;-999;eor
       2497;201111020151;201111020151;    3;  0.00;  -999;  -999;-999;eor
       2497;201111020152;201111020152;    3;  0.00;  -999;  -999;-999;eor
       2497;201111020153;201111020153;    3;  0.00;  -999;  -999;-999;eor
       2497;201111020154;201111020154;    3;  0.00;  -999;  -999;-999;eor
       2497;201111020155;201111020155;    3;  0.00;  -999;  -999;-999;eor
       2497;201111020156;201111020156;    3;  0.00;  -999;  -999;-999;eor
       2497;201111020157;201111020157;    3;  0.00;  -999;  -999;-999;eor
       2497;201111020158;201111020158;    3;  0.00;  -999;  -999;-999;eor
       2497;201111020159;201111020159;    3;  0.00;  -999;  -999;-999;eor
       2497;201111020200;201111020259;    3;  0.00;  -999;  -999;-999;eor
       2497;201111020300;201111020359;    3;  0.00;  -999;  -999;-999;eor
       2497;201111020400;201111020459;    3;  0.00;  -999;  -999;-999;eor
       2497;201111020500;201111020559;    3;  0.00;  -999;  -999;-999;eor
       2497;201111020600;201111020659;    3;  0.00;  -999;  -999;-999;eor
       2497;201111020700;201111020759;    3;  0.00;  -999;  -999;-999;eor
       2497;201111020800;201111020859;    3;  0.00;  -999;  -999;-999;eor
       2497;201111020900;201111020959;    3;  0.00;  -999;  -999;-999;eor
       2497;201111021000;201111021059;    3;  0.00;  -999;  -999;-999;eor
       2497;201111021100;201111021159;    3;  0.00;  -999;  -999;-999;eor
       2497;201111021200;201111021259;    3;  0.00;  -999;  -999;-999;eor
       2497;201111021300;201111021359;    3;  0.00;  -999;  -999;-999;eor
       2497;201111021400;201111021459;    3;  0.00;  -999;  -999;-999;eor
       2497;201111021500;201111021559;    3;  0.00;  -999;  -999;-999;eor
       2497;201111021600;201111021659;    3;  0.00;  -999;  -999;-999;eor
       2497;201111021700;201111021759;    3;  0.00;  -999;  -999;-999;eor
       2497;201111021800;201111021859;    3;  0.00;  -999;  -999;-999;eor
       2497;201111021900;201111021959;    3;  0.00;  -999;  -999;-999;eor
       2497;201111022000;201111022059;    3;  0.00;  -999;  -999;-999;eor
       2497;201111022100;201111022159;    3;  0.00;  -999;  -999;-999;eor
       2497;201111022200;201111022259;    3;  0.00;  -999;  -999;-999;eor
       2497;201111022300;201111022359;    3;  0.00;  -999;  -999;-999;eor
       2497;201111030000;201111030059;    3;  0.00;  -999;  -999;-999;eor
       2497;201111030100;201111030159;    3;  0.00;  -999;  -999;-999;eor
       2497;201111030200;201111030259;    3;  0.00;  -999;  -999;-999;eor
       2497;201111030300;201111030359;    3;  0.00;  -999;  -999;-999;eor
       2497;201111030400;201111030459;    3;  0.00;  -999;  -999;-999;eor
       2497;201111030500;201111030559;    3;  0.00;  -999;  -999;-999;eor
       2497;201111030600;201111030659;    3;  0.00;  -999;  -999;-999;eor
       2497;201111030700;201111030759;    3;  0.00;  -999;  -999;-999;eor
       2497;201111030800;201111030859;    3;  0.00;  -999;  -999;-999;eor
       2497;201111030900;201111030959;    3;  0.00;  -999;  -999;-999;eor
       2497;201111031000;201111031059;    3;  0.00;  -999;  -999;-999;eor
       2497;201111031100;201111031159;    3;  0.00;  -999;  -999;-999;eor
       2497;201111031200;201111031200;    3;  0.00;  -999;  -999;-999;eor
       2497;201111031201;201111031201;    3;  0.00;  -999;  -999;-999;eor
       2497;201111031202;201111031202;    3;  0.00;  -999;  -999;-999;eor
       2497;201111031203;201111031203;    3;  0.00;  -999;  -999;-999;eor
       2497;201111031204;201111031204;    3;  0.00;  -999;  -999;-999;eor
       2497;201111031205;201111031205;    3;  0.00;  -999;  -999;-999;eor
       2497;201111031206;201111031206;    3;  0.00;  -999;  -999;-999;eor
       2497;201111031207;201111031207;    3;  0.00;  -999;  -999;-999;eor
       2497;201111031208;201111031208;    3;  0.00;  -999;  -999;-999;eor
       2497;201111031209;201111031209;    3;  0.04;  -999;  -999;-999;eor
       2497;201111031210;201111031210;    3;  0.00;  -999;  -999;-999;eor
       2497;201111031211;201111031211;    3;  0.00;  -999;  -999;-999;eor
       2497;201111031212;201111031212;    3;  0.00;  -999;  -999;-999;eor
       2497;201111031213;201111031213;    3;  0.00;  -999;  -999;-999;eor
       2497;201111031214;201111031214;    3;  0.00;  -999;  -999;-999;eor
       2497;201111031215;201111031215;    3;  0.00;  -999;  -999;-999;eor
       2497;201111031216;201111031216;    3;  0.00;  -999;  -999;-999;eor
       2497;201111031217;201111031217;    3;  0.00;  -999;  -999;-999;eor
       2497;201111031218;201111031218;    3;  0.00;  -999;  -999;-999;eor
       2497;201111031219;201111031219;    3;  0.00;  -999;  -999;-999;eor
       2497;201111031220;201111031220;    3;  0.00;  -999;  -999;-999;eor
       2497;201111031221;201111031221;    3;  0.00;  -999;  -999;-999;eor
       2497;201111031222;201111031222;    3;  0.00;  -999;  -999;-999;eor
       2497;201111031223;201111031223;    3;  0.00;  -999;  -999;-999;eor
       2497;201111031224;201111031224;    3;  0.00;  -999;  -999;-999;eor
       2497;201111031225;201111031225;    3;  0.00;  -999;  -999;-999;eor
       2497;201111031226;201111031226;    3;  0.00;  -999;  -999;-999;eor
       2497;201111031227;201111031227;    3;  0.00;  -999;  -999;-999;eor
       2497;201111031228;201111031228;    3;  0.00;  -999;  -999;-999;eor
       2497;201111031229;201111031229;    3;  0.00;  -999;  -999;-999;eor
       2497;201111031230;201111031230;    3;  0.00;  -999;  -999;-999;eor
       2497;201111031231;201111031231;    3;  0.00;  -999;  -999;-999;eor
       2497;201111031232;201111031232;    3;  0.00;  -999;  -999;-999;eor
       2497;201111031233;201111031233;    3;  0.00;  -999;  -999;-999;eor
       2497;201111031234;201111031234;    3;  0.00;  -999;  -999;-999;eor
       2497;201111031235;201111031235;    3;  0.00;  -999;  -999;-999;eor
       2497;201111031236;201111031236;    3;  0.00;  -999;  -999;-999;eor
       2497;201111031237;201111031237;    3;  0.00;  -999;  -999;-999;eor
       2497;201111031238;201111031238;    3;  0.00;  -999;  -999;-999;eor
       2497;201111031239;201111031239;    3;  0.00;  -999;  -999;-999;eor
       2497;201111031240;201111031240;    3;  0.00;  -999;  -999;-999;eor
       2497;201111031241;201111031241;    3;  0.00;  -999;  -999;-999;eor
       2497;201111031242;201111031242;    3;  0.00;  -999;  -999;-999;eor
       2497;201111031243;201111031243;    3;  0.00;  -999;  -999;-999;eor
       2497;201111031244;201111031244;    3;  0.00;  -999;  -999;-999;eor
       2497;201111031245;201111031245;    3;  0.00;  -999;  -999;-999;eor
       2497;201111031246;201111031246;    3;  0.00;  -999;  -999;-999;eor
       2497;201111031247;201111031247;    3;  0.00;  -999;  -999;-999;eor
       2497;201111031248;201111031248;    3;  0.00;  -999;  -999;-999;eor
       2497;201111031249;201111031249;    3;  0.00;  -999;  -999;-999;eor
       2497;201111031250;201111031250;    3;  0.00;  -999;  -999;-999;eor
       2497;201111031251;201111031251;    3;  0.00;  -999;  -999;-999;eor
       2497;201111031252;201111031252;    3;  0.00;  -999;  -999;-999;eor
       2497;201111031253;201111031253;    3;  0.00;  -999;  -999;-999;eor
       2497;201111031254;201111031254;    3;  0.00;  -999;  -999;-999;eor
       2497;201111031255;201111031255;    3;  0.00;  -999;  -999;-999;eor
       2497;201111031256;201111031256;    3;  0.00;  -999;  -999;-999;eor
       2497;201111031257;201111031257;    3;  0.00;  -999;  -999;-999;eor
       2497;201111031258;201111031258;    3;  0.00;  -999;  -999;-999;eor
       2497;201111031259;201111031259;    3;  0.00;  -999;  -999;-999;eor
       2497;201111031300;201111031359;    3;  0.00;  -999;  -999;-999;eor
       2497;201111031400;201111031459;    3;  0.00;  -999;  -999;-999;eor
       2497;201111031500;201111031559;    3;  0.00;  -999;  -999;-999;eor
       2497;201111031600;201111031659;    3;  0.00;  -999;  -999;-999;eor
       2497;201111031700;201111031759;    3;  0.00;  -999;  -999;-999;eor
       2497;201111031800;201111031859;    3;  0.00;  -999;  -999;-999;eor
       2497;201111031900;201111031959;    3;  0.00;  -999;  -999;-999;eor
       2497;201111032000;201111032059;    3;  0.00;  -999;  -999;-999;eor
       2497;201111032100;201111032159;    3;  0.00;  -999;  -999;-999;eor
       2497;201111032200;201111032259;    3;  0.00;  -999;  -999;-999;eor
       2497;201111032300;201111032300;    3;  0.00;  -999;  -999;-999;eor
       2497;201111032301;201111032301;    3;  0.00;  -999;  -999;-999;eor
       2497;201111032302;201111032302;    3;  0.00;  -999;  -999;-999;eor
       2497;201111032303;201111032303;    3;  0.00;  -999;  -999;-999;eor
       2497;201111032304;201111032304;    3;  0.00;  -999;  -999;-999;eor
       2497;201111032305;201111032305;    3;  0.00;  -999;  -999;-999;eor
       2497;201111032306;201111032306;    3;  0.00;  -999;  -999;-999;eor
       2497;201111032307;201111032307;    3;  0.00;  -999;  -999;-999;eor
       2497;201111032308;201111032308;    3;  0.00;  -999;  -999;-999;eor
       2497;201111032309;201111032309;    3;  0.00;  -999;  -999;-999;eor
       2497;201111032310;201111032310;    3;  0.00;  -999;  -999;-999;eor
       2497;201111032311;201111032311;    3;  0.00;  -999;  -999;-999;eor
       2497;201111032312;201111032312;    3;  0.00;  -999;  -999;-999;eor
       2497;201111032313;201111032313;    3;  0.00;  -999;  -999;-999;eor
       2497;201111032314;201111032314;    3;  0.00;  -999;  -999;-999;eor
       2497;201111032315;201111032315;    3;  0.00;  -999;  -999;-999;eor
       2497;201111032316;201111032316;    3;  0.00;  -999;  -999;-999;eor
       2497;201111032317;201111032317;    3;  0.00;  -999;  -999;-999;eor
       2497;201111032318;201111032318;    3;  0.00;  -999;  -999;-999;eor
       2497;201111032319;201111032319;    3;  0.00;  -999;  -999;-999;eor
       2497;201111032320;201111032320;    3;  0.00;  -999;  -999;-999;eor
       2497;201111032321;201111032321;    3;  0.00;  -999;  -999;-999;eor
       2497;201111032322;201111032322;    3;  0.00;  -999;  -999;-999;eor
       2497;201111032323;201111032323;    3;  0.00;  -999;  -999;-999;eor
       2497;201111032324;201111032324;    3;  0.00;  -999;  -999;-999;eor
       2497;201111032325;201111032325;    3;  0.04;  -999;  -999;-999;eor
       2497;201111032326;201111032326;    3;  0.00;  -999;  -999;-999;eor
       2497;201111032327;201111032327;    3;  0.00;  -999;  -999;-999;eor
       2497;201111032328;201111032328;    3;  0.00;  -999;  -999;-999;eor
       2497;201111032329;201111032329;    3;  0.00;  -999;  -999;-999;eor
       2497;201111032330;201111032330;    3;  0.00;  -999;  -999;-999;eor
       2497;201111032331;201111032331;    3;  0.00;  -999;  -999;-999;eor
       2497;201111032332;201111032332;    3;  0.00;  -999;  -999;-999;eor
       2497;201111032333;201111032333;    3;  0.00;  -999;  -999;-999;eor
       2497;201111032334;201111032334;    3;  0.00;  -999;  -999;-999;eor
       2497;201111032335;201111032335;    3;  0.00;  -999;  -999;-999;eor
       2497;201111032336;201111032336;    3;  0.00;  -999;  -999;-999;eor
       2497;201111032337;201111032337;    3;  0.00;  -999;  -999;-999;eor
       2497;201111032338;201111032338;    3;  0.00;  -999;  -999;-999;eor
       2497;201111032339;201111032339;    3;  0.00;  -999;  -999;-999;eor
       2497;201111032340;201111032340;    3;  0.00;  -999;  -999;-999;eor
       2497;201111032341;201111032341;    3;  0.00;  -999;  -999;-999;eor
       2497;201111032342;201111032342;    3;  0.00;  -999;  -999;-999;eor
       2497;201111032343;201111032343;    3;  0.00;  -999;  -999;-999;eor
       2497;201111032344;201111032344;    3;  0.00;  -999;  -999;-999;eor
       2497;201111032345;201111032345;    3;  0.00;  -999;  -999;-999;eor
       2497;201111032346;201111032346;    3;  0.00;  -999;  -999;-999;eor
       2497;201111032347;201111032347;    3;  0.00;  -999;  -999;-999;eor
       2497;201111032348;201111032348;    3;  0.00;  -999;  -999;-999;eor
       2497;201111032349;201111032349;    3;  0.00;  -999;  -999;-999;eor
       2497;201111032350;201111032350;    3;  0.00;  -999;  -999;-999;eor
       2497;201111032351;201111032351;    3;  0.00;  -999;  -999;-999;eor
       2497;201111032352;201111032352;    3;  0.00;  -999;  -999;-999;eor
       2497;201111032353;201111032353;    3;  0.00;  -999;  -999;-999;eor
       2497;201111032354;201111032354;    3;  0.00;  -999;  -999;-999;eor
       2497;201111032355;201111032355;    3;  0.00;  -999;  -999;-999;eor
       2497;201111032356;201111032356;    3;  0.00;  -999;  -999;-999;eor
       2497;201111032357;201111032357;    3;  0.00;  -999;  -999;-999;eor
       2497;201111032358;201111032358;    3;  0.00;  -999;  -999;-999;eor
       2497;201111032359;201111032359;    3;  0.00;  -999;  -999;-999;eor
       2497;201111040000;201111040000;    3;  0.00;  -999;  -999;-999;eor
       2497;201111040001;201111040001;    3;  0.00;  -999;  -999;-999;eor
       2497;201111040002;201111040002;    3;  0.00;  -999;  -999;-999;eor
       2497;201111040003;201111040003;    3;  0.00;  -999;  -999;-999;eor
       2497;201111040004;201111040004;    3;  0.00;  -999;  -999;-999;eor
       2497;201111040005;201111040005;    3;  0.00;  -999;  -999;-999;eor
       2497;201111040006;201111040006;    3;  0.00;  -999;  -999;-999;eor
       2497;201111040007;201111040007;    3;  0.00;  -999;  -999;-999;eor
       2497;201111040008;201111040008;    3;  0.00;  -999;  -999;-999;eor
       2497;201111040009;201111040009;    3;  0.00;  -999;  -999;-999;eor
       2497;201111040010;201111040010;    3;  0.00;  -999;  -999;-999;eor
       2497;201111040011;201111040011;    3;  0.00;  -999;  -999;-999;eor
       2497;201111040012;201111040012;    3;  0.00;  -999;  -999;-999;eor
       2497;201111040013;201111040013;    3;  0.00;  -999;  -999;-999;eor
       2497;201111040014;201111040014;    3;  0.00;  -999;  -999;-999;eor
       2497;201111040015;201111040015;    3;  0.00;  -999;  -999;-999;eor
       2497;201111040016;201111040016;    3;  0.00;  -999;  -999;-999;eor
       2497;201111040017;201111040017;    3;  0.00;  -999;  -999;-999;eor
       2497;201111040018;201111040018;    3;  0.00;  -999;  -999;-999;eor
       2497;201111040019;201111040019;    3;  0.00;  -999;  -999;-999;eor
       2497;201111040020;201111040020;    3;  0.00;  -999;  -999;-999;eor
       2497;201111040021;201111040021;    3;  0.00;  -999;  -999;-999;eor
       2497;201111040022;201111040022;    3;  0.00;  -999;  -999;-999;eor
       2497;201111040023;201111040023;    3;  0.00;  -999;  -999;-999;eor
       2497;201111040024;201111040024;    3;  0.00;  -999;  -999;-999;eor
       2497;201111040025;201111040025;    3;  0.00;  -999;  -999;-999;eor
       2497;201111040026;201111040026;    3;  0.00;  -999;  -999;-999;eor
       2497;201111040027;201111040027;    3;  0.00;  -999;  -999;-999;eor
       2497;201111040028;201111040028;    3;  0.00;  -999;  -999;-999;eor
       2497;201111040029;201111040029;    3;  0.04;  -999;  -999;-999;eor
       2497;201111040030;201111040030;    3;  0.01;  -999;  -999;-999;eor
       2497;201111040031;201111040031;    3;  0.00;  -999;  -999;-999;eor
       2497;201111040032;201111040032;    3;  0.03;  -999;  -999;-999;eor
       2497;201111040033;201111040033;    3;  0.01;  -999;  -999;-999;eor
       2497;201111040034;201111040034;    3;  0.00;  -999;  -999;-999;eor
       2497;201111040035;201111040035;    3;  0.00;  -999;  -999;-999;eor
       2497;201111040036;201111040036;    3;  0.00;  -999;  -999;-999;eor
       2497;201111040037;201111040037;    3;  0.00;  -999;  -999;-999;eor
       2497;201111040038;201111040038;    3;  0.00;  -999;  -999;-999;eor
       2497;201111040039;201111040039;    3;  0.00;  -999;  -999;-999;eor
       2497;201111040040;201111040040;    3;  0.03;  -999;  -999;-999;eor
       2497;201111040041;201111040041;    3;  0.00;  -999;  -999;-999;eor
       2497;201111040042;201111040042;    3;  0.00;  -999;  -999;-999;eor
       2497;201111040043;201111040043;    3;  0.00;  -999;  -999;-999;eor
       2497;201111040044;201111040044;    3;  0.00;  -999;  -999;-999;eor
       2497;201111040045;201111040045;    3;  0.00;  -999;  -999;-999;eor
       2497;201111040046;201111040046;    3;  0.00;  -999;  -999;-999;eor
       2497;201111040047;201111040047;    3;  0.00;  -999;  -999;-999;eor
       2497;201111040048;201111040048;    3;  0.00;  -999;  -999;-999;eor
       2497;201111040049;201111040049;    3;  0.00;  -999;  -999;-999;eor
       2497;201111040050;201111040050;    3;  0.03;  -999;  -999;-999;eor
       2497;201111040051;201111040051;    3;  0.01;  -999;  -999;-999;eor
       2497;201111040052;201111040052;    3;  0.00;  -999;  -999;-999;eor
       2497;201111040053;201111040053;    3;  0.00;  -999;  -999;-999;eor
       2497;201111040054;201111040054;    3;  0.00;  -999;  -999;-999;eor
       2497;201111040055;201111040055;    3;  0.00;  -999;  -999;-999;eor
       2497;201111040056;201111040056;    3;  0.00;  -999;  -999;-999;eor
       2497;201111040057;201111040057;    3;  0.00;  -999;  -999;-999;eor
       2497;201111040058;201111040058;    3;  0.00;  -999;  -999;-999;eor
       2497;201111040059;201111040059;    3;  0.00;  -999;  -999;-999;eor
       2497;201111040100;201111040100;    3;  0.00;  -999;  -999;-999;eor
       2497;201111040101;201111040101;    3;  0.00;  -999;  -999;-999;eor
       2497;201111040102;201111040102;    3;  0.00;  -999;  -999;-999;eor
       2497;201111040103;201111040103;    3;  0.03;  -999;  -999;-999;eor
       2497;201111040104;201111040104;    3;  0.00;  -999;  -999;-999;eor
       2497;201111040105;201111040105;    3;  0.00;  -999;  -999;-999;eor
       2497;201111040106;201111040106;    3;  0.00;  -999;  -999;-999;eor
       2497;201111040107;201111040107;    3;  0.00;  -999;  -999;-999;eor
       2497;201111040108;201111040108;    3;  0.00;  -999;  -999;-999;eor
       2497;201111040109;201111040109;    3;  0.00;  -999;  -999;-999;eor
       2497;201111040110;201111040110;    3;  0.00;  -999;  -999;-999;eor
       2497;201111040111;201111040111;    3;  0.00;  -999;  -999;-999;eor
       2497;201111040112;201111040112;    3;  0.00;  -999;  -999;-999;eor
       2497;201111040113;201111040113;    3;  0.00;  -999;  -999;-999;eor
       2497;201111040114;201111040114;    3;  0.00;  -999;  -999;-999;eor
       2497;201111040115;201111040115;    3;  0.00;  -999;  -999;-999;eor
       2497;201111040116;201111040116;    3;  0.00;  -999;  -999;-999;eor
       2497;201111040117;201111040117;    3;  0.00;  -999;  -999;-999;eor
       2497;201111040118;201111040118;    3;  0.00;  -999;  -999;-999;eor
       2497;201111040119;201111040119;    3;  0.00;  -999;  -999;-999;eor
       2497;201111040120;201111040120;    3;  0.00;  -999;  -999;-999;eor
       2497;201111040121;201111040121;    3;  0.00;  -999;  -999;-999;eor
       2497;201111040122;201111040122;    3;  0.00;  -999;  -999;-999;eor
       2497;201111040123;201111040123;    3;  0.00;  -999;  -999;-999;eor
       2497;201111040124;201111040124;    3;  0.00;  -999;  -999;-999;eor
       2497;201111040125;201111040125;    3;  0.00;  -999;  -999;-999;eor
       2497;201111040126;201111040126;    3;  0.00;  -999;  -999;-999;eor
       2497;201111040127;201111040127;    3;  0.00;  -999;  -999;-999;eor
       2497;201111040128;201111040128;    3;  0.00;  -999;  -999;-999;eor
       2497;201111040129;201111040129;    3;  0.00;  -999;  -999;-999;eor
       2497;201111040130;201111040130;    3;  0.00;  -999;  -999;-999;eor
       2497;201111040131;201111040131;    3;  0.00;  -999;  -999;-999;eor
       2497;201111040132;201111040132;    3;  0.00;  -999;  -999;-999;eor
       2497;201111040133;201111040133;    3;  0.00;  -999;  -999;-999;eor
       2497;201111040134;201111040134;    3;  0.00;  -999;  -999;-999;eor
       2497;201111040135;201111040135;    3;  0.00;  -999;  -999;-999;eor
       2497;201111040136;201111040136;    3;  0.00;  -999;  -999;-999;eor
       2497;201111040137;201111040137;    3;  0.00;  -999;  -999;-999;eor
       2497;201111040138;201111040138;    3;  0.00;  -999;  -999;-999;eor
       2497;201111040139;201111040139;    3;  0.00;  -999;  -999;-999;eor
       2497;201111040140;201111040140;    3;  0.00;  -999;  -999;-999;eor
       2497;201111040141;201111040141;    3;  0.00;  -999;  -999;-999;eor
       2497;201111040142;201111040142;    3;  0.00;  -999;  -999;-999;eor
       2497;201111040143;201111040143;    3;  0.00;  -999;  -999;-999;eor
       2497;201111040144;201111040144;    3;  0.00;  -999;  -999;-999;eor
       2497;201111040145;201111040145;    3;  0.00;  -999;  -999;-999;eor
       2497;201111040146;201111040146;    3;  0.00;  -999;  -999;-999;eor
       2497;201111040147;201111040147;    3;  0.00;  -999;  -999;-999;eor
       2497;201111040148;201111040148;    3;  0.00;  -999;  -999;-999;eor
       2497;201111040149;201111040149;    3;  0.00;  -999;  -999;-999;eor
       2497;201111040150;201111040150;    3;  0.00;  -999;  -999;-999;eor
       2497;201111040151;201111040151;    3;  0.00;  -999;  -999;-999;eor
       2497;201111040152;201111040152;    3;  0.00;  -999;  -999;-999;eor
       2497;201111040153;201111040153;    3;  0.00;  -999;  -999;-999;eor
       2497;201111040154;201111040154;    3;  0.00;  -999;  -999;-999;eor
       2497;201111040155;201111040155;    3;  0.00;  -999;  -999;-999;eor
       2497;201111040156;201111040156;    3;  0.00;  -999;  -999;-999;eor
       2497;201111040157;201111040157;    3;  0.00;  -999;  -999;-999;eor
       2497;201111040158;201111040158;    3;  0.00;  -999;  -999;-999;eor
       2497;201111040159;201111040159;    3;  0.00;  -999;  -999;-999;eor
       2497;201111040200;201111040259;    3;  0.00;  -999;  -999;-999;eor
       2497;201111040300;201111040359;    3;  0.00;  -999;  -999;-999;eor
       2497;201111040400;201111040459;    3;  0.00;  -999;  -999;-999;eor
       2497;201111040500;201111040559;    3;  0.00;  -999;  -999;-999;eor
       2497;201111040600;201111040659;    3;  0.00;  -999;  -999;-999;eor
       2497;201111040700;201111040759;    3;  0.00;  -999;  -999;-999;eor
       2497;201111040800;201111040859;    3;  0.00;  -999;  -999;-999;eor
       2497;201111040900;201111040959;    3;  0.00;  -999;  -999;-999;eor
       2497;201111041000;201111041059;    3;  0.00;  -999;  -999;-999;eor
       2497;201111041100;201111041159;    3;  0.00;  -999;  -999;-999;eor
       2497;201111041200;201111041259;    3;  0.00;  -999;  -999;-999;eor
       2497;201111041300;201111041359;    3;  0.00;  -999;  -999;-999;eor
       2497;201111041400;201111041459;    3;  0.00;  -999;  -999;-999;eor
       2497;201111041500;201111041559;    3;  0.00;  -999;  -999;-999;eor
       2497;201111041600;201111041659;    3;  0.00;  -999;  -999;-999;eor
       2497;201111041700;201111041759;    3;  0.00;  -999;  -999;-999;eor
       2497;201111041800;201111041859;    3;  0.00;  -999;  -999;-999;eor
       2497;201111041900;201111041959;    3;  0.00;  -999;  -999;-999;eor
       2497;201111042000;201111042059;    3;  0.00;  -999;  -999;-999;eor
       2497;201111042100;201111042159;    3;  0.00;  -999;  -999;-999;eor
       2497;201111042200;201111042259;    3;  0.00;  -999;  -999;-999;eor
       2497;201111042300;201111042359;    3;  0.00;  -999;  -999;-999;eor
       2497;201111050000;201111052359;    3;  0.00;  -999;  -999;-999;eor
       2497;201111060000;201111062359;    3;  0.00;  -999;  -999;-999;eor
       2497;201111070000;201111070059;    3;  0.00;  -999;  -999;-999;eor
       2497;201111070100;201111070159;    3;  0.00;  -999;  -999;-999;eor
       2497;201111070200;201111070259;    3;  0.00;  -999;  -999;-999;eor
       2497;201111070300;201111070300;    3;  0.00;  -999;  -999;-999;eor
       2497;201111070301;201111070301;    3;  0.00;  -999;  -999;-999;eor
       2497;201111070302;201111070302;    3;  0.00;  -999;  -999;-999;eor
       2497;201111070303;201111070303;    3;  0.00;  -999;  -999;-999;eor
       2497;201111070304;201111070304;    3;  0.00;  -999;  -999;-999;eor
       2497;201111070305;201111070305;    3;  0.00;  -999;  -999;-999;eor
       2497;201111070306;201111070306;    3;  0.00;  -999;  -999;-999;eor
       2497;201111070307;201111070307;    3;  0.00;  -999;  -999;-999;eor
       2497;201111070308;201111070308;    3;  0.00;  -999;  -999;-999;eor
       2497;201111070309;201111070309;    3;  0.00;  -999;  -999;-999;eor
       2497;201111070310;201111070310;    3;  0.00;  -999;  -999;-999;eor
       2497;201111070311;201111070311;    3;  0.00;  -999;  -999;-999;eor
       2497;201111070312;201111070312;    3;  0.03;  -999;  -999;-999;eor
       2497;201111070313;201111070313;    3;  0.01;  -999;  -999;-999;eor
       2497;201111070314;201111070314;    3;  0.00;  -999;  -999;-999;eor
       2497;201111070315;201111070315;    3;  0.00;  -999;  -999;-999;eor
       2497;201111070316;201111070316;    3;  0.00;  -999;  -999;-999;eor
       2497;201111070317;201111070317;    3;  0.00;  -999;  -999;-999;eor
       2497;201111070318;201111070318;    3;  0.00;  -999;  -999;-999;eor
       2497;201111070319;201111070319;    3;  0.00;  -999;  -999;-999;eor
       2497;201111070320;201111070320;    3;  0.00;  -999;  -999;-999;eor
       2497;201111070321;201111070321;    3;  0.00;  -999;  -999;-999;eor
       2497;201111070322;201111070322;    3;  0.00;  -999;  -999;-999;eor
       2497;201111070323;201111070323;    3;  0.00;  -999;  -999;-999;eor
       2497;201111070324;201111070324;    3;  0.00;  -999;  -999;-999;eor
       2497;201111070325;201111070325;    3;  0.00;  -999;  -999;-999;eor
       2497;201111070326;201111070326;    3;  0.00;  -999;  -999;-999;eor
       2497;201111070327;201111070327;    3;  0.00;  -999;  -999;-999;eor
       2497;201111070328;201111070328;    3;  0.00;  -999;  -999;-999;eor
       2497;201111070329;201111070329;    3;  0.00;  -999;  -999;-999;eor
       2497;201111070330;201111070330;    3;  0.00;  -999;  -999;-999;eor
       2497;201111070331;201111070331;    3;  0.00;  -999;  -999;-999;eor
       2497;201111070332;201111070332;    3;  0.00;  -999;  -999;-999;eor
       2497;201111070333;201111070333;    3;  0.00;  -999;  -999;-999;eor
       2497;201111070334;201111070334;    3;  0.00;  -999;  -999;-999;eor
       2497;201111070335;201111070335;    3;  0.03;  -999;  -999;-999;eor
       2497;201111070336;201111070336;    3;  0.00;  -999;  -999;-999;eor
       2497;201111070337;201111070337;    3;  0.00;  -999;  -999;-999;eor
       2497;201111070338;201111070338;    3;  0.00;  -999;  -999;-999;eor
       2497;201111070339;201111070339;    3;  0.00;  -999;  -999;-999;eor
       2497;201111070340;201111070340;    3;  0.00;  -999;  -999;-999;eor
       2497;201111070341;201111070341;    3;  0.00;  -999;  -999;-999;eor
       2497;201111070342;201111070342;    3;  0.00;  -999;  -999;-999;eor
       2497;201111070343;201111070343;    3;  0.00;  -999;  -999;-999;eor
       2497;201111070344;201111070344;    3;  0.00;  -999;  -999;-999;eor
       2497;201111070345;201111070345;    3;  0.00;  -999;  -999;-999;eor
       2497;201111070346;201111070346;    3;  0.00;  -999;  -999;-999;eor
       2497;201111070347;201111070347;    3;  0.00;  -999;  -999;-999;eor
       2497;201111070348;201111070348;    3;  0.00;  -999;  -999;-999;eor
       2497;201111070349;201111070349;    3;  0.00;  -999;  -999;-999;eor
       2497;201111070350;201111070350;    3;  0.00;  -999;  -999;-999;eor
       2497;201111070351;201111070351;    3;  0.00;  -999;  -999;-999;eor
       2497;201111070352;201111070352;    3;  0.00;  -999;  -999;-999;eor
       2497;201111070353;201111070353;    3;  0.00;  -999;  -999;-999;eor
       2497;201111070354;201111070354;    3;  0.00;  -999;  -999;-999;eor
       2497;201111070355;201111070355;    3;  0.00;  -999;  -999;-999;eor
       2497;201111070356;201111070356;    3;  0.00;  -999;  -999;-999;eor
       2497;201111070357;201111070357;    3;  0.00;  -999;  -999;-999;eor
       2497;201111070358;201111070358;    3;  0.00;  -999;  -999;-999;eor
       2497;201111070359;201111070359;    3;  0.00;  -999;  -999;-999;eor
       2497;201111070400;201111070459;    3;  0.00;  -999;  -999;-999;eor
       2497;201111070500;201111070500;    3;  0.00;  -999;  -999;-999;eor
       2497;201111070501;201111070501;    3;  0.03;  -999;  -999;-999;eor
       2497;201111070502;201111070502;    3;  0.00;  -999;  -999;-999;eor
       2497;201111070503;201111070503;    3;  0.00;  -999;  -999;-999;eor
       2497;201111070504;201111070504;    3;  0.00;  -999;  -999;-999;eor
       2497;201111070505;201111070505;    3;  0.00;  -999;  -999;-999;eor
       2497;201111070506;201111070506;    3;  0.00;  -999;  -999;-999;eor
       2497;201111070507;201111070507;    3;  0.00;  -999;  -999;-999;eor
       2497;201111070508;201111070508;    3;  0.00;  -999;  -999;-999;eor
       2497;201111070509;201111070509;    3;  0.00;  -999;  -999;-999;eor
       2497;201111070510;201111070510;    3;  0.00;  -999;  -999;-999;eor
       2497;201111070511;201111070511;    3;  0.00;  -999;  -999;-999;eor
       2497;201111070512;201111070512;    3;  0.00;  -999;  -999;-999;eor
       2497;201111070513;201111070513;    3;  0.00;  -999;  -999;-999;eor
       2497;201111070514;201111070514;    3;  0.00;  -999;  -999;-999;eor
       2497;201111070515;201111070515;    3;  0.00;  -999;  -999;-999;eor
       2497;201111070516;201111070516;    3;  0.00;  -999;  -999;-999;eor
       2497;201111070517;201111070517;    3;  0.00;  -999;  -999;-999;eor
       2497;201111070518;201111070518;    3;  0.00;  -999;  -999;-999;eor
       2497;201111070519;201111070519;    3;  0.03;  -999;  -999;-999;eor
       2497;201111070520;201111070520;    3;  0.01;  -999;  -999;-999;eor
       2497;201111070521;201111070521;    3;  0.00;  -999;  -999;-999;eor
       2497;201111070522;201111070522;    3;  0.00;  -999;  -999;-999;eor
       2497;201111070523;201111070523;    3;  0.00;  -999;  -999;-999;eor
       2497;201111070524;201111070524;    3;  0.00;  -999;  -999;-999;eor
       2497;201111070525;201111070525;    3;  0.00;  -999;  -999;-999;eor
       2497;201111070526;201111070526;    3;  0.00;  -999;  -999;-999;eor
       2497;201111070527;201111070527;    3;  0.00;  -999;  -999;-999;eor
       2497;201111070528;201111070528;    3;  0.00;  -999;  -999;-999;eor
       2497;201111070529;201111070529;    3;  0.00;  -999;  -999;-999;eor
       2497;201111070530;201111070530;    3;  0.00;  -999;  -999;-999;eor
       2497;201111070531;201111070531;    3;  0.00;  -999;  -999;-999;eor
       2497;201111070532;201111070532;    3;  0.00;  -999;  -999;-999;eor
       2497;201111070533;201111070533;    3;  0.00;  -999;  -999;-999;eor
       2497;201111070534;201111070534;    3;  0.00;  -999;  -999;-999;eor
       2497;201111070535;201111070535;    3;  0.00;  -999;  -999;-999;eor
       2497;201111070536;201111070536;    3;  0.03;  -999;  -999;-999;eor
       2497;201111070537;201111070537;    3;  0.00;  -999;  -999;-999;eor
       2497;201111070538;201111070538;    3;  0.00;  -999;  -999;-999;eor
       2497;201111070539;201111070539;    3;  0.00;  -999;  -999;-999;eor
       2497;201111070540;201111070540;    3;  0.00;  -999;  -999;-999;eor
       2497;201111070541;201111070541;    3;  0.00;  -999;  -999;-999;eor
       2497;201111070542;201111070542;    3;  0.00;  -999;  -999;-999;eor
       2497;201111070543;201111070543;    3;  0.00;  -999;  -999;-999;eor
       2497;201111070544;201111070544;    3;  0.00;  -999;  -999;-999;eor
       2497;201111070545;201111070545;    3;  0.00;  -999;  -999;-999;eor
       2497;201111070546;201111070546;    3;  0.00;  -999;  -999;-999;eor
       2497;201111070547;201111070547;    3;  0.00;  -999;  -999;-999;eor
       2497;201111070548;201111070548;    3;  0.00;  -999;  -999;-999;eor
       2497;201111070549;201111070549;    3;  0.00;  -999;  -999;-999;eor
       2497;201111070550;201111070550;    3;  0.00;  -999;  -999;-999;eor
       2497;201111070551;201111070551;    3;  0.00;  -999;  -999;-999;eor
       2497;201111070552;201111070552;    3;  0.03;  -999;  -999;-999;eor
       2497;201111070553;201111070553;    3;  0.00;  -999;  -999;-999;eor
       2497;201111070554;201111070554;    3;  0.00;  -999;  -999;-999;eor
       2497;201111070555;201111070555;    3;  0.00;  -999;  -999;-999;eor
       2497;201111070556;201111070556;    3;  0.00;  -999;  -999;-999;eor
       2497;201111070557;201111070557;    3;  0.00;  -999;  -999;-999;eor
       2497;201111070558;201111070558;    3;  0.00;  -999;  -999;-999;eor
       2497;201111070559;201111070559;    3;  0.00;  -999;  -999;-999;eor
       2497;201111070600;201111070659;    3;  0.00;  -999;  -999;-999;eor
       2497;201111070700;201111070759;    3;  0.00;  -999;  -999;-999;eor
       2497;201111070800;201111070859;    3;  0.00;  -999;  -999;-999;eor
       2497;201111070900;201111070959;    3;  0.00;  -999;  -999;-999;eor
       2497;201111071000;201111071059;    3;  0.00;  -999;  -999;-999;eor
       2497;201111071100;201111071159;    3;  0.00;  -999;  -999;-999;eor
       2497;201111071200;201111071259;    3;  0.00;  -999;  -999;-999;eor
       2497;201111071300;201111071359;    3;  0.00;  -999;  -999;-999;eor
       2497;201111071400;201111071459;    3;  0.00;  -999;  -999;-999;eor
       2497;201111071500;201111071559;    3;  0.00;  -999;  -999;-999;eor
       2497;201111071600;201111071659;    3;  0.00;  -999;  -999;-999;eor
       2497;201111071700;201111071759;    3;  0.00;  -999;  -999;-999;eor
       2497;201111071800;201111071859;    3;  0.00;  -999;  -999;-999;eor
       2497;201111071900;201111071959;    3;  0.00;  -999;  -999;-999;eor
       2497;201111072000;201111072059;    3;  0.00;  -999;  -999;-999;eor
       2497;201111072100;201111072159;    3;  0.00;  -999;  -999;-999;eor
       2497;201111072200;201111072259;    3;  0.00;  -999;  -999;-999;eor
       2497;201111072300;201111072359;    3;  0.00;  -999;  -999;-999;eor
       2497;201111080000;201111082359;    3;  0.00;  -999;  -999;-999;eor
       2497;201111090000;201111092359;    3;  0.00;  -999;  -999;-999;eor
       2497;201111100000;201111102359;    3;  0.00;  -999;  -999;-999;eor
       2497;201111110000;201111112359;    3;  0.00;  -999;  -999;-999;eor
       2497;201111120000;201111122359;    3;  0.00;  -999;  -999;-999;eor
       2497;201111130000;201111132359;    3;  0.00;  -999;  -999;-999;eor
       2497;201111140000;201111142359;    3;  0.00;  -999;  -999;-999;eor
       2497;201111150000;201111152359;    3;  0.00;  -999;  -999;-999;eor
       2497;201111160000;201111162359;    3;  0.00;  -999;  -999;-999;eor
       2497;201111170000;201111172359;    3;  0.00;  -999;  -999;-999;eor
       2497;201111180000;201111182359;    3;  0.00;  -999;  -999;-999;eor
       2497;201111190000;201111192359;    3;  0.00;  -999;  -999;-999;eor
       2497;201111200000;201111202359;    3;  0.00;  -999;  -999;-999;eor
       2497;201111210000;201111212359;    3;  0.00;  -999;  -999;-999;eor
       2497;201111220000;201111222359;    3;  0.00;  -999;  -999;-999;eor
       2497;201111230000;201111232359;    3;  0.00;  -999;  -999;-999;eor
       2497;201111240000;201111242359;    3;  0.00;  -999;  -999;-999;eor
       2497;201111250000;201111252359;    3;  0.00;  -999;  -999;-999;eor
       2497;201111260000;201111262359;    3;  0.00;  -999;  -999;-999;eor
       2497;201111270000;201111270059;    3;  0.00;  -999;  -999;-999;eor
       2497;201111270100;201111270159;    3;  0.00;  -999;  -999;-999;eor
       2497;201111270200;201111270259;    3;  0.00;  -999;  -999;-999;eor
       2497;201111270300;201111270359;    3;  0.00;  -999;  -999;-999;eor
       2497;201111270400;201111270459;    3;  0.00;  -999;  -999;-999;eor
       2497;201111270500;201111270559;    3;  0.00;  -999;  -999;-999;eor
       2497;201111270600;201111270659;    3;  0.00;  -999;  -999;-999;eor
       2497;201111270700;201111270759;    3;  0.00;  -999;  -999;-999;eor
       2497;201111270800;201111270859;    3;  0.00;  -999;  -999;-999;eor
       2497;201111270900;201111270959;    3;  0.00;  -999;  -999;-999;eor
       2497;201111271000;201111271059;    3;  0.00;  -999;  -999;-999;eor
       2497;201111271100;201111271159;    3;  0.00;  -999;  -999;-999;eor
       2497;201111271200;201111271259;    3;  0.00;  -999;  -999;-999;eor
       2497;201111271300;201111271300;    3;  0.00;  -999;  -999;-999;eor
       2497;201111271301;201111271301;    3;  0.00;  -999;  -999;-999;eor
       2497;201111271302;201111271302;    3;  0.00;  -999;  -999;-999;eor
       2497;201111271303;201111271303;    3;  0.00;  -999;  -999;-999;eor
       2497;201111271304;201111271304;    3;  0.00;  -999;  -999;-999;eor
       2497;201111271305;201111271305;    3;  0.00;  -999;  -999;-999;eor
       2497;201111271306;201111271306;    3;  0.00;  -999;  -999;-999;eor
       2497;201111271307;201111271307;    3;  0.00;  -999;  -999;-999;eor
       2497;201111271308;201111271308;    3;  0.00;  -999;  -999;-999;eor
       2497;201111271309;201111271309;    3;  0.00;  -999;  -999;-999;eor
       2497;201111271310;201111271310;    3;  0.00;  -999;  -999;-999;eor
       2497;201111271311;201111271311;    3;  0.00;  -999;  -999;-999;eor
       2497;201111271312;201111271312;    3;  0.00;  -999;  -999;-999;eor
       2497;201111271313;201111271313;    3;  0.00;  -999;  -999;-999;eor
       2497;201111271314;201111271314;    3;  0.00;  -999;  -999;-999;eor
       2497;201111271315;201111271315;    3;  0.00;  -999;  -999;-999;eor
       2497;201111271316;201111271316;    3;  0.00;  -999;  -999;-999;eor
       2497;201111271317;201111271317;    3;  0.00;  -999;  -999;-999;eor
       2497;201111271318;201111271318;    3;  0.00;  -999;  -999;-999;eor
       2497;201111271319;201111271319;    3;  0.00;  -999;  -999;-999;eor
       2497;201111271320;201111271320;    3;  0.00;  -999;  -999;-999;eor
       2497;201111271321;201111271321;    3;  0.00;  -999;  -999;-999;eor
       2497;201111271322;201111271322;    3;  0.00;  -999;  -999;-999;eor
       2497;201111271323;201111271323;    3;  0.00;  -999;  -999;-999;eor
       2497;201111271324;201111271324;    3;  0.00;  -999;  -999;-999;eor
       2497;201111271325;201111271325;    3;  0.00;  -999;  -999;-999;eor
       2497;201111271326;201111271326;    3;  0.00;  -999;  -999;-999;eor
       2497;201111271327;201111271327;    3;  0.00;  -999;  -999;-999;eor
       2497;201111271328;201111271328;    3;  0.00;  -999;  -999;-999;eor
       2497;201111271329;201111271329;    3;  0.00;  -999;  -999;-999;eor
       2497;201111271330;201111271330;    3;  0.00;  -999;  -999;-999;eor
       2497;201111271331;201111271331;    3;  0.00;  -999;  -999;-999;eor
       2497;201111271332;201111271332;    3;  0.00;  -999;  -999;-999;eor
       2497;201111271333;201111271333;    3;  0.00;  -999;  -999;-999;eor
       2497;201111271334;201111271334;    3;  0.00;  -999;  -999;-999;eor
       2497;201111271335;201111271335;    3;  0.00;  -999;  -999;-999;eor
       2497;201111271336;201111271336;    3;  0.00;  -999;  -999;-999;eor
       2497;201111271337;201111271337;    3;  0.00;  -999;  -999;-999;eor
       2497;201111271338;201111271338;    3;  0.00;  -999;  -999;-999;eor
       2497;201111271339;201111271339;    3;  0.03;  -999;  -999;-999;eor
       2497;201111271340;201111271340;    3;  0.00;  -999;  -999;-999;eor
       2497;201111271341;201111271341;    3;  0.00;  -999;  -999;-999;eor
       2497;201111271342;201111271342;    3;  0.00;  -999;  -999;-999;eor
       2497;201111271343;201111271343;    3;  0.03;  -999;  -999;-999;eor
       2497;201111271344;201111271344;    3;  0.01;  -999;  -999;-999;eor
       2497;201111271345;201111271345;    3;  0.00;  -999;  -999;-999;eor
       2497;201111271346;201111271346;    3;  0.00;  -999;  -999;-999;eor
       2497;201111271347;201111271347;    3;  0.00;  -999;  -999;-999;eor
       2497;201111271348;201111271348;    3;  0.00;  -999;  -999;-999;eor
       2497;201111271349;201111271349;    3;  0.00;  -999;  -999;-999;eor
       2497;201111271350;201111271350;    3;  0.00;  -999;  -999;-999;eor
       2497;201111271351;201111271351;    3;  0.00;  -999;  -999;-999;eor
       2497;201111271352;201111271352;    3;  0.00;  -999;  -999;-999;eor
       2497;201111271353;201111271353;    3;  0.00;  -999;  -999;-999;eor
       2497;201111271354;201111271354;    3;  0.00;  -999;  -999;-999;eor
       2497;201111271355;201111271355;    3;  0.00;  -999;  -999;-999;eor
       2497;201111271356;201111271356;    3;  0.00;  -999;  -999;-999;eor
       2497;201111271357;201111271357;    3;  0.03;  -999;  -999;-999;eor
       2497;201111271358;201111271358;    3;  0.01;  -999;  -999;-999;eor
       2497;201111271359;201111271359;    3;  0.00;  -999;  -999;-999;eor
       2497;201111271400;201111271400;    3;  0.00;  -999;  -999;-999;eor
       2497;201111271401;201111271401;    3;  0.00;  -999;  -999;-999;eor
       2497;201111271402;201111271402;    3;  0.00;  -999;  -999;-999;eor
       2497;201111271403;201111271403;    3;  0.00;  -999;  -999;-999;eor
       2497;201111271404;201111271404;    3;  0.00;  -999;  -999;-999;eor
       2497;201111271405;201111271405;    3;  0.00;  -999;  -999;-999;eor
       2497;201111271406;201111271406;    3;  0.00;  -999;  -999;-999;eor
       2497;201111271407;201111271407;    3;  0.00;  -999;  -999;-999;eor
       2497;201111271408;201111271408;    3;  0.00;  -999;  -999;-999;eor
       2497;201111271409;201111271409;    3;  0.03;  -999;  -999;-999;eor
       2497;201111271410;201111271410;    3;  0.01;  -999;  -999;-999;eor
       2497;201111271411;201111271411;    3;  0.00;  -999;  -999;-999;eor
       2497;201111271412;201111271412;    3;  0.00;  -999;  -999;-999;eor
       2497;201111271413;201111271413;    3;  0.00;  -999;  -999;-999;eor
       2497;201111271414;201111271414;    3;  0.00;  -999;  -999;-999;eor
       2497;201111271415;201111271415;    3;  0.00;  -999;  -999;-999;eor
       2497;201111271416;201111271416;    3;  0.00;  -999;  -999;-999;eor
       2497;201111271417;201111271417;    3;  0.00;  -999;  -999;-999;eor
       2497;201111271418;201111271418;    3;  0.00;  -999;  -999;-999;eor
       2497;201111271419;201111271419;    3;  0.00;  -999;  -999;-999;eor
       2497;201111271420;201111271420;    3;  0.00;  -999;  -999;-999;eor
       2497;201111271421;201111271421;    3;  0.00;  -999;  -999;-999;eor
       2497;201111271422;201111271422;    3;  0.00;  -999;  -999;-999;eor
       2497;201111271423;201111271423;    3;  0.03;  -999;  -999;-999;eor
       2497;201111271424;201111271424;    3;  0.01;  -999;  -999;-999;eor
       2497;201111271425;201111271425;    3;  0.00;  -999;  -999;-999;eor
       2497;201111271426;201111271426;    3;  0.00;  -999;  -999;-999;eor
       2497;201111271427;201111271427;    3;  0.00;  -999;  -999;-999;eor
       2497;201111271428;201111271428;    3;  0.03;  -999;  -999;-999;eor
       2497;201111271429;201111271429;    3;  0.01;  -999;  -999;-999;eor
       2497;201111271430;201111271430;    3;  0.00;  -999;  -999;-999;eor
       2497;201111271431;201111271431;    3;  0.00;  -999;  -999;-999;eor
       2497;201111271432;201111271432;    3;  0.00;  -999;  -999;-999;eor
       2497;201111271433;201111271433;    3;  0.00;  -999;  -999;-999;eor
       2497;201111271434;201111271434;    3;  0.00;  -999;  -999;-999;eor
       2497;201111271435;201111271435;    3;  0.04;  -999;  -999;-999;eor
       2497;201111271436;201111271436;    3;  0.00;  -999;  -999;-999;eor
       2497;201111271437;201111271437;    3;  0.00;  -999;  -999;-999;eor
       2497;201111271438;201111271438;    3;  0.00;  -999;  -999;-999;eor
       2497;201111271439;201111271439;    3;  0.00;  -999;  -999;-999;eor
       2497;201111271440;201111271440;    3;  0.00;  -999;  -999;-999;eor
       2497;201111271441;201111271441;    3;  0.00;  -999;  -999;-999;eor
       2497;201111271442;201111271442;    3;  0.04;  -999;  -999;-999;eor
       2497;201111271443;201111271443;    3;  0.00;  -999;  -999;-999;eor
       2497;201111271444;201111271444;    3;  0.00;  -999;  -999;-999;eor
       2497;201111271445;201111271445;    3;  0.00;  -999;  -999;-999;eor
       2497;201111271446;201111271446;    3;  0.00;  -999;  -999;-999;eor
       2497;201111271447;201111271447;    3;  0.00;  -999;  -999;-999;eor
       2497;201111271448;201111271448;    3;  0.00;  -999;  -999;-999;eor
       2497;201111271449;201111271449;    3;  0.00;  -999;  -999;-999;eor
       2497;201111271450;201111271450;    3;  0.04;  -999;  -999;-999;eor
       2497;201111271451;201111271451;    3;  0.01;  -999;  -999;-999;eor
       2497;201111271452;201111271452;    3;  0.00;  -999;  -999;-999;eor
       2497;201111271453;201111271453;    3;  0.00;  -999;  -999;-999;eor
       2497;201111271454;201111271454;    3;  0.00;  -999;  -999;-999;eor
       2497;201111271455;201111271455;    3;  0.00;  -999;  -999;-999;eor
       2497;201111271456;201111271456;    3;  0.00;  -999;  -999;-999;eor
       2497;201111271457;201111271457;    3;  0.00;  -999;  -999;-999;eor
       2497;201111271458;201111271458;    3;  0.03;  -999;  -999;-999;eor
       2497;201111271459;201111271459;    3;  0.01;  -999;  -999;-999;eor
       2497;201111271500;201111271500;    3;  0.00;  -999;  -999;-999;eor
       2497;201111271501;201111271501;    3;  0.00;  -999;  -999;-999;eor
       2497;201111271502;201111271502;    3;  0.03;  -999;  -999;-999;eor
       2497;201111271503;201111271503;    3;  0.01;  -999;  -999;-999;eor
       2497;201111271504;201111271504;    3;  0.00;  -999;  -999;-999;eor
       2497;201111271505;201111271505;    3;  0.00;  -999;  -999;-999;eor
       2497;201111271506;201111271506;    3;  0.00;  -999;  -999;-999;eor
       2497;201111271507;201111271507;    3;  0.00;  -999;  -999;-999;eor
       2497;201111271508;201111271508;    3;  0.03;  -999;  -999;-999;eor
       2497;201111271509;201111271509;    3;  0.01;  -999;  -999;-999;eor
       2497;201111271510;201111271510;    3;  0.00;  -999;  -999;-999;eor
       2497;201111271511;201111271511;    3;  0.00;  -999;  -999;-999;eor
       2497;201111271512;201111271512;    3;  0.00;  -999;  -999;-999;eor
       2497;201111271513;201111271513;    3;  0.04;  -999;  -999;-999;eor
       2497;201111271514;201111271514;    3;  0.01;  -999;  -999;-999;eor
       2497;201111271515;201111271515;    3;  0.00;  -999;  -999;-999;eor
       2497;201111271516;201111271516;    3;  0.03;  -999;  -999;-999;eor
       2497;201111271517;201111271517;    3;  0.01;  -999;  -999;-999;eor
       2497;201111271518;201111271518;    3;  0.00;  -999;  -999;-999;eor
       2497;201111271519;201111271519;    3;  0.00;  -999;  -999;-999;eor
       2497;201111271520;201111271520;    3;  0.00;  -999;  -999;-999;eor
       2497;201111271521;201111271521;    3;  0.00;  -999;  -999;-999;eor
       2497;201111271522;201111271522;    3;  0.00;  -999;  -999;-999;eor
       2497;201111271523;201111271523;    3;  0.00;  -999;  -999;-999;eor
       2497;201111271524;201111271524;    3;  0.00;  -999;  -999;-999;eor
       2497;201111271525;201111271525;    3;  0.00;  -999;  -999;-999;eor
       2497;201111271526;201111271526;    3;  0.00;  -999;  -999;-999;eor
       2497;201111271527;201111271527;    3;  0.00;  -999;  -999;-999;eor
       2497;201111271528;201111271528;    3;  0.00;  -999;  -999;-999;eor
       2497;201111271529;201111271529;    3;  0.00;  -999;  -999;-999;eor
       2497;201111271530;201111271530;    3;  0.00;  -999;  -999;-999;eor
       2497;201111271531;201111271531;    3;  0.00;  -999;  -999;-999;eor
       2497;201111271532;201111271532;    3;  0.00;  -999;  -999;-999;eor
       2497;201111271533;201111271533;    3;  0.00;  -999;  -999;-999;eor
       2497;201111271534;201111271534;    3;  0.00;  -999;  -999;-999;eor
       2497;201111271535;201111271535;    3;  0.00;  -999;  -999;-999;eor
       2497;201111271536;201111271536;    3;  0.00;  -999;  -999;-999;eor
       2497;201111271537;201111271537;    3;  0.00;  -999;  -999;-999;eor
       2497;201111271538;201111271538;    3;  0.00;  -999;  -999;-999;eor
       2497;201111271539;201111271539;    3;  0.00;  -999;  -999;-999;eor
       2497;201111271540;201111271540;    3;  0.00;  -999;  -999;-999;eor
       2497;201111271541;201111271541;    3;  0.00;  -999;  -999;-999;eor
       2497;201111271542;201111271542;    3;  0.00;  -999;  -999;-999;eor
       2497;201111271543;201111271543;    3;  0.00;  -999;  -999;-999;eor
       2497;201111271544;201111271544;    3;  0.00;  -999;  -999;-999;eor
       2497;201111271545;201111271545;    3;  0.00;  -999;  -999;-999;eor
       2497;201111271546;201111271546;    3;  0.00;  -999;  -999;-999;eor
       2497;201111271547;201111271547;    3;  0.00;  -999;  -999;-999;eor
       2497;201111271548;201111271548;    3;  0.00;  -999;  -999;-999;eor
       2497;201111271549;201111271549;    3;  0.00;  -999;  -999;-999;eor
       2497;201111271550;201111271550;    3;  0.00;  -999;  -999;-999;eor
       2497;201111271551;201111271551;    3;  0.00;  -999;  -999;-999;eor
       2497;201111271552;201111271552;    3;  0.00;  -999;  -999;-999;eor
       2497;201111271553;201111271553;    3;  0.00;  -999;  -999;-999;eor
       2497;201111271554;201111271554;    3;  0.00;  -999;  -999;-999;eor
       2497;201111271555;201111271555;    3;  0.00;  -999;  -999;-999;eor
       2497;201111271556;201111271556;    3;  0.00;  -999;  -999;-999;eor
       2497;201111271557;201111271557;    3;  0.00;  -999;  -999;-999;eor
       2497;201111271558;201111271558;    3;  0.00;  -999;  -999;-999;eor
       2497;201111271559;201111271559;    3;  0.00;  -999;  -999;-999;eor
       2497;201111271600;201111271659;    3;  0.00;  -999;  -999;-999;eor
       2497;201111271700;201111271759;    3;  0.00;  -999;  -999;-999;eor
       2497;201111271800;201111271859;    3;  0.00;  -999;  -999;-999;eor
       2497;201111271900;201111271959;    3;  0.00;  -999;  -999;-999;eor
       2497;201111272000;201111272059;    3;  0.00;  -999;  -999;-999;eor
       2497;201111272100;201111272159;    3;  0.00;  -999;  -999;-999;eor
       2497;201111272200;201111272259;    3;  0.00;  -999;  -999;-999;eor
       2497;201111272300;201111272359;    3;  0.00;  -999;  -999;-999;eor
       2497;201111280000;201111282359;    3;  0.00;  -999;  -999;-999;eor
       2497;201111290000;201111290059;    3;  0.00;  -999;  -999;-999;eor
       2497;201111290100;201111290159;    3;  0.00;  -999;  -999;-999;eor
       2497;201111290200;201111290259;    3;  0.00;  -999;  -999;-999;eor
       2497;201111290300;201111290359;    3;  0.00;  -999;  -999;-999;eor
       2497;201111290400;201111290459;    3;  0.00;  -999;  -999;-999;eor
       2497;201111290500;201111290559;    3;  0.00;  -999;  -999;-999;eor
       2497;201111290600;201111290659;    3;  0.00;  -999;  -999;-999;eor
       2497;201111290700;201111290759;    3;  0.00;  -999;  -999;-999;eor
       2497;201111290800;201111290859;    3;  0.00;  -999;  -999;-999;eor
       2497;201111290900;201111290959;    3;  0.00;  -999;  -999;-999;eor
       2497;201111291000;201111291059;    3;  0.00;  -999;  -999;-999;eor
       2497;201111291100;201111291159;    3;  0.00;  -999;  -999;-999;eor
       2497;201111291200;201111291259;    3;  0.00;  -999;  -999;-999;eor
       2497;201111291300;201111291359;    3;  0.00;  -999;  -999;-999;eor
       2497;201111291400;201111291459;    3;  0.00;  -999;  -999;-999;eor
       2497;201111291500;201111291559;    3;  0.00;  -999;  -999;-999;eor
       2497;201111291600;201111291659;    3;  0.00;  -999;  -999;-999;eor
       2497;201111291700;201111291759;    3;  0.00;  -999;  -999;-999;eor
       2497;201111291800;201111291859;    3;  0.00;  -999;  -999;-999;eor
       2497;201111291900;201111291959;    3;  0.00;  -999;  -999;-999;eor
       2497;201111292000;201111292059;    3;  0.00;  -999;  -999;-999;eor
       2497;201111292100;201111292159;    3;  0.00;  -999;  -999;-999;eor
       2497;201111292200;201111292200;    3;  0.00;  -999;  -999;-999;eor
       2497;201111292201;201111292201;    3;  0.00;  -999;  -999;-999;eor
       2497;201111292202;201111292202;    3;  0.00;  -999;  -999;-999;eor
       2497;201111292203;201111292203;    3;  0.00;  -999;  -999;-999;eor
       2497;201111292204;201111292204;    3;  0.00;  -999;  -999;-999;eor
       2497;201111292205;201111292205;    3;  0.00;  -999;  -999;-999;eor
       2497;201111292206;201111292206;    3;  0.00;  -999;  -999;-999;eor
       2497;201111292207;201111292207;    3;  0.00;  -999;  -999;-999;eor
       2497;201111292208;201111292208;    3;  0.00;  -999;  -999;-999;eor
       2497;201111292209;201111292209;    3;  0.00;  -999;  -999;-999;eor
       2497;201111292210;201111292210;    3;  0.00;  -999;  -999;-999;eor
       2497;201111292211;201111292211;    3;  0.00;  -999;  -999;-999;eor
       2497;201111292212;201111292212;    3;  0.00;  -999;  -999;-999;eor
       2497;201111292213;201111292213;    3;  0.00;  -999;  -999;-999;eor
       2497;201111292214;201111292214;    3;  0.00;  -999;  -999;-999;eor
       2497;201111292215;201111292215;    3;  0.00;  -999;  -999;-999;eor
       2497;201111292216;201111292216;    3;  0.00;  -999;  -999;-999;eor
       2497;201111292217;201111292217;    3;  0.00;  -999;  -999;-999;eor
       2497;201111292218;201111292218;    3;  0.00;  -999;  -999;-999;eor
       2497;201111292219;201111292219;    3;  0.00;  -999;  -999;-999;eor
       2497;201111292220;201111292220;    3;  0.00;  -999;  -999;-999;eor
       2497;201111292221;201111292221;    3;  0.00;  -999;  -999;-999;eor
       2497;201111292222;201111292222;    3;  0.00;  -999;  -999;-999;eor
       2497;201111292223;201111292223;    3;  0.00;  -999;  -999;-999;eor
       2497;201111292224;201111292224;    3;  0.00;  -999;  -999;-999;eor
       2497;201111292225;201111292225;    3;  0.03;  -999;  -999;-999;eor
       2497;201111292226;201111292226;    3;  0.01;  -999;  -999;-999;eor
       2497;201111292227;201111292227;    3;  0.00;  -999;  -999;-999;eor
       2497;201111292228;201111292228;    3;  0.00;  -999;  -999;-999;eor
       2497;201111292229;201111292229;    3;  0.00;  -999;  -999;-999;eor
       2497;201111292230;201111292230;    3;  0.00;  -999;  -999;-999;eor
       2497;201111292231;201111292231;    3;  0.00;  -999;  -999;-999;eor
       2497;201111292232;201111292232;    3;  0.00;  -999;  -999;-999;eor
       2497;201111292233;201111292233;    3;  0.00;  -999;  -999;-999;eor
       2497;201111292234;201111292234;    3;  0.00;  -999;  -999;-999;eor
       2497;201111292235;201111292235;    3;  0.00;  -999;  -999;-999;eor
       2497;201111292236;201111292236;    3;  0.00;  -999;  -999;-999;eor
       2497;201111292237;201111292237;    3;  0.00;  -999;  -999;-999;eor
       2497;201111292238;201111292238;    3;  0.00;  -999;  -999;-999;eor
       2497;201111292239;201111292239;    3;  0.03;  -999;  -999;-999;eor
       2497;201111292240;201111292240;    3;  0.01;  -999;  -999;-999;eor
       2497;201111292241;201111292241;    3;  0.00;  -999;  -999;-999;eor
       2497;201111292242;201111292242;    3;  0.00;  -999;  -999;-999;eor
       2497;201111292243;201111292243;    3;  0.00;  -999;  -999;-999;eor
       2497;201111292244;201111292244;    3;  0.00;  -999;  -999;-999;eor
       2497;201111292245;201111292245;    3;  0.00;  -999;  -999;-999;eor
       2497;201111292246;201111292246;    3;  0.00;  -999;  -999;-999;eor
       2497;201111292247;201111292247;    3;  0.03;  -999;  -999;-999;eor
       2497;201111292248;201111292248;    3;  0.01;  -999;  -999;-999;eor
       2497;201111292249;201111292249;    3;  0.00;  -999;  -999;-999;eor
       2497;201111292250;201111292250;    3;  0.00;  -999;  -999;-999;eor
       2497;201111292251;201111292251;    3;  0.00;  -999;  -999;-999;eor
       2497;201111292252;201111292252;    3;  0.00;  -999;  -999;-999;eor
       2497;201111292253;201111292253;    3;  0.00;  -999;  -999;-999;eor
       2497;201111292254;201111292254;    3;  0.00;  -999;  -999;-999;eor
       2497;201111292255;201111292255;    3;  0.00;  -999;  -999;-999;eor
       2497;201111292256;201111292256;    3;  0.00;  -999;  -999;-999;eor
       2497;201111292257;201111292257;    3;  0.00;  -999;  -999;-999;eor
       2497;201111292258;201111292258;    3;  0.00;  -999;  -999;-999;eor
       2497;201111292259;201111292259;    3;  0.00;  -999;  -999;-999;eor
       2497;201111292300;201111292300;    3;  0.00;  -999;  -999;-999;eor
       2497;201111292301;201111292301;    3;  0.03;  -999;  -999;-999;eor
       2497;201111292302;201111292302;    3;  0.00;  -999;  -999;-999;eor
       2497;201111292303;201111292303;    3;  0.00;  -999;  -999;-999;eor
       2497;201111292304;201111292304;    3;  0.00;  -999;  -999;-999;eor
       2497;201111292305;201111292305;    3;  0.00;  -999;  -999;-999;eor
       2497;201111292306;201111292306;    3;  0.00;  -999;  -999;-999;eor
       2497;201111292307;201111292307;    3;  0.00;  -999;  -999;-999;eor
       2497;201111292308;201111292308;    3;  0.00;  -999;  -999;-999;eor
       2497;201111292309;201111292309;    3;  0.00;  -999;  -999;-999;eor
       2497;201111292310;201111292310;    3;  0.00;  -999;  -999;-999;eor
       2497;201111292311;201111292311;    3;  0.00;  -999;  -999;-999;eor
       2497;201111292312;201111292312;    3;  0.00;  -999;  -999;-999;eor
       2497;201111292313;201111292313;    3;  0.00;  -999;  -999;-999;eor
       2497;201111292314;201111292314;    3;  0.00;  -999;  -999;-999;eor
       2497;201111292315;201111292315;    3;  0.00;  -999;  -999;-999;eor
       2497;201111292316;201111292316;    3;  0.03;  -999;  -999;-999;eor
       2497;201111292317;201111292317;    3;  0.01;  -999;  -999;-999;eor
       2497;201111292318;201111292318;    3;  0.00;  -999;  -999;-999;eor
       2497;201111292319;201111292319;    3;  0.00;  -999;  -999;-999;eor
       2497;201111292320;201111292320;    3;  0.00;  -999;  -999;-999;eor
       2497;201111292321;201111292321;    3;  0.00;  -999;  -999;-999;eor
       2497;201111292322;201111292322;    3;  0.00;  -999;  -999;-999;eor
       2497;201111292323;201111292323;    3;  0.00;  -999;  -999;-999;eor
       2497;201111292324;201111292324;    3;  0.04;  -999;  -999;-999;eor
       2497;201111292325;201111292325;    3;  0.01;  -999;  -999;-999;eor
       2497;201111292326;201111292326;    3;  0.00;  -999;  -999;-999;eor
       2497;201111292327;201111292327;    3;  0.00;  -999;  -999;-999;eor
       2497;201111292328;201111292328;    3;  0.00;  -999;  -999;-999;eor
       2497;201111292329;201111292329;    3;  0.00;  -999;  -999;-999;eor
       2497;201111292330;201111292330;    3;  0.00;  -999;  -999;-999;eor
       2497;201111292331;201111292331;    3;  0.00;  -999;  -999;-999;eor
       2497;201111292332;201111292332;    3;  0.00;  -999;  -999;-999;eor
       2497;201111292333;201111292333;    3;  0.00;  -999;  -999;-999;eor
       2497;201111292334;201111292334;    3;  0.00;  -999;  -999;-999;eor
       2497;201111292335;201111292335;    3;  0.00;  -999;  -999;-999;eor
       2497;201111292336;201111292336;    3;  0.00;  -999;  -999;-999;eor
       2497;201111292337;201111292337;    3;  0.00;  -999;  -999;-999;eor
       2497;201111292338;201111292338;    3;  0.00;  -999;  -999;-999;eor
       2497;201111292339;201111292339;    3;  0.00;  -999;  -999;-999;eor
       2497;201111292340;201111292340;    3;  0.04;  -999;  -999;-999;eor
       2497;201111292341;201111292341;    3;  0.01;  -999;  -999;-999;eor
       2497;201111292342;201111292342;    3;  0.00;  -999;  -999;-999;eor
       2497;201111292343;201111292343;    3;  0.03;  -999;  -999;-999;eor
       2497;201111292344;201111292344;    3;  0.01;  -999;  -999;-999;eor
       2497;201111292345;201111292345;    3;  0.00;  -999;  -999;-999;eor
       2497;201111292346;201111292346;    3;  0.00;  -999;  -999;-999;eor
       2497;201111292347;201111292347;    3;  0.00;  -999;  -999;-999;eor
       2497;201111292348;201111292348;    3;  0.00;  -999;  -999;-999;eor
       2497;201111292349;201111292349;    3;  0.00;  -999;  -999;-999;eor
       2497;201111292350;201111292350;    3;  0.00;  -999;  -999;-999;eor
       2497;201111292351;201111292351;    3;  0.00;  -999;  -999;-999;eor
       2497;201111292352;201111292352;    3;  0.00;  -999;  -999;-999;eor
       2497;201111292353;201111292353;    3;  0.00;  -999;  -999;-999;eor
       2497;201111292354;201111292354;    3;  0.00;  -999;  -999;-999;eor
       2497;201111292355;201111292355;    3;  0.00;  -999;  -999;-999;eor
       2497;201111292356;201111292356;    3;  0.00;  -999;  -999;-999;eor
       2497;201111292357;201111292357;    3;  0.00;  -999;  -999;-999;eor
       2497;201111292358;201111292358;    3;  0.00;  -999;  -999;-999;eor
       2497;201111292359;201111292359;    3;  0.03;  -999;  -999;-999;eor
       2497;201111300000;201111300000;    3;  0.01;  -999;  -999;-999;eor
       2497;201111300001;201111300001;    3;  0.00;  -999;  -999;-999;eor
       2497;201111300002;201111300002;    3;  0.00;  -999;  -999;-999;eor
       2497;201111300003;201111300003;    3;  0.00;  -999;  -999;-999;eor
       2497;201111300004;201111300004;    3;  0.03;  -999;  -999;-999;eor
       2497;201111300005;201111300005;    3;  0.01;  -999;  -999;-999;eor
       2497;201111300006;201111300006;    3;  0.00;  -999;  -999;-999;eor
       2497;201111300007;201111300007;    3;  0.05;  -999;  -999;-999;eor
       2497;201111300008;201111300008;    3;  0.02;  -999;  -999;-999;eor
       2497;201111300009;201111300009;    3;  0.00;  -999;  -999;-999;eor
       2497;201111300010;201111300010;    3;  0.00;  -999;  -999;-999;eor
       2497;201111300011;201111300011;    3;  0.00;  -999;  -999;-999;eor
       2497;201111300012;201111300012;    3;  0.03;  -999;  -999;-999;eor
       2497;201111300013;201111300013;    3;  0.01;  -999;  -999;-999;eor
       2497;201111300014;201111300014;    3;  0.00;  -999;  -999;-999;eor
       2497;201111300015;201111300015;    3;  0.00;  -999;  -999;-999;eor
       2497;201111300016;201111300016;    3;  0.00;  -999;  -999;-999;eor
       2497;201111300017;201111300017;    3;  0.00;  -999;  -999;-999;eor
       2497;201111300018;201111300018;    3;  0.00;  -999;  -999;-999;eor
       2497;201111300019;201111300019;    3;  0.00;  -999;  -999;-999;eor
       2497;201111300020;201111300020;    3;  0.00;  -999;  -999;-999;eor
       2497;201111300021;201111300021;    3;  0.00;  -999;  -999;-999;eor
       2497;201111300022;201111300022;    3;  0.00;  -999;  -999;-999;eor
       2497;201111300023;201111300023;    3;  0.00;  -999;  -999;-999;eor
       2497;201111300024;201111300024;    3;  0.00;  -999;  -999;-999;eor
       2497;201111300025;201111300025;    3;  0.00;  -999;  -999;-999;eor
       2497;201111300026;201111300026;    3;  0.00;  -999;  -999;-999;eor
       2497;201111300027;201111300027;    3;  0.00;  -999;  -999;-999;eor
       2497;201111300028;201111300028;    3;  0.00;  -999;  -999;-999;eor
       2497;201111300029;201111300029;    3;  0.00;  -999;  -999;-999;eor
       2497;201111300030;201111300030;    3;  0.00;  -999;  -999;-999;eor
       2497;201111300031;201111300031;    3;  0.00;  -999;  -999;-999;eor
       2497;201111300032;201111300032;    3;  0.00;  -999;  -999;-999;eor
       2497;201111300033;201111300033;    3;  0.00;  -999;  -999;-999;eor
       2497;201111300034;201111300034;    3;  0.00;  -999;  -999;-999;eor
       2497;201111300035;201111300035;    3;  0.00;  -999;  -999;-999;eor
       2497;201111300036;201111300036;    3;  0.00;  -999;  -999;-999;eor
       2497;201111300037;201111300037;    3;  0.00;  -999;  -999;-999;eor
       2497;201111300038;201111300038;    3;  0.00;  -999;  -999;-999;eor
       2497;201111300039;201111300039;    3;  0.00;  -999;  -999;-999;eor
       2497;201111300040;201111300040;    3;  0.00;  -999;  -999;-999;eor
       2497;201111300041;201111300041;    3;  0.00;  -999;  -999;-999;eor
       2497;201111300042;201111300042;    3;  0.00;  -999;  -999;-999;eor
       2497;201111300043;201111300043;    3;  0.00;  -999;  -999;-999;eor
       2497;201111300044;201111300044;    3;  0.00;  -999;  -999;-999;eor
       2497;201111300045;201111300045;    3;  0.00;  -999;  -999;-999;eor
       2497;201111300046;201111300046;    3;  0.00;  -999;  -999;-999;eor
       2497;201111300047;201111300047;    3;  0.00;  -999;  -999;-999;eor
       2497;201111300048;201111300048;    3;  0.00;  -999;  -999;-999;eor
       2497;201111300049;201111300049;    3;  0.00;  -999;  -999;-999;eor
       2497;201111300050;201111300050;    3;  0.00;  -999;  -999;-999;eor
       2497;201111300051;201111300051;    3;  0.00;  -999;  -999;-999;eor
       2497;201111300052;201111300052;    3;  0.00;  -999;  -999;-999;eor
       2497;201111300053;201111300053;    3;  0.00;  -999;  -999;-999;eor
       2497;201111300054;201111300054;    3;  0.00;  -999;  -999;-999;eor
       2497;201111300055;201111300055;    3;  0.00;  -999;  -999;-999;eor
       2497;201111300056;201111300056;    3;  0.00;  -999;  -999;-999;eor
       2497;201111300057;201111300057;    3;  0.00;  -999;  -999;-999;eor
       2497;201111300058;201111300058;    3;  0.00;  -999;  -999;-999;eor
       2497;201111300059;201111300059;    3;  0.00;  -999;  -999;-999;eor
       2497;201111300100;201111300159;    3;  0.00;  -999;  -999;-999;eor
       2497;201111300200;201111300259;    3;  0.00;  -999;  -999;-999;eor
       2497;201111300300;201111300359;    3;  0.00;  -999;  -999;-999;eor
       2497;201111300400;201111300459;    3;  0.00;  -999;  -999;-999;eor
       2497;201111300500;201111300559;    3;  0.00;  -999;  -999;-999;eor
       2497;201111300600;201111300659;    3;  0.00;  -999;  -999;-999;eor
       2497;201111300700;201111300759;    3;  0.00;  -999;  -999;-999;eor
       2497;201111300800;201111300859;    3;  0.00;  -999;  -999;-999;eor
       2497;201111300900;201111300959;    3;  0.00;  -999;  -999;-999;eor
       2497;201111301000;201111301059;    3;  0.00;  -999;  -999;-999;eor
       2497;201111301100;201111301159;    3;  0.00;  -999;  -999;-999;eor
       2497;201111301200;201111301259;    3;  0.00;  -999;  -999;-999;eor
       2497;201111301300;201111301359;    3;  0.00;  -999;  -999;-999;eor
       2497;201111301400;201111301459;    3;  0.00;  -999;  -999;-999;eor
       2497;201111301500;201111301559;    3;  0.00;  -999;  -999;-999;eor
       2497;201111301600;201111301659;    3;  0.00;  -999;  -999;-999;eor
       2497;201111301700;201111301759;    3;  0.00;  -999;  -999;-999;eor
       2497;201111301800;201111301859;    3;  0.00;  -999;  -999;-999;eor
       2497;201111301900;201111301959;    3;  0.00;  -999;  -999;-999;eor
       2497;201111302000;201111302059;    3;  0.00;  -999;  -999;-999;eor
       2497;201111302100;201111302159;    3;  0.00;  -999;  -999;-999;eor
       2497;201111302200;201111302259;    3;  0.00;  -999;  -999;-999;eor
       2497;201111302300;201111302359;    3;  0.00;  -999;  -999;-999;eor
