STATIONS_ID;MESS_DATUM_BEGINN;MESS_DATUM_ENDE;QN;RS_01;RTH_01;RWH_01;RS_IND_01;eor
        723;201111010000;201111012359;    3;  0.00;  -999;  -999;-999;eor
        723;201111020000;201111022359;    3;  0.00;  -999;  -999;-999;eor
        723;201111030000;201111030059;    3;  0.00;  -999;  -999;-999;eor
        723;201111030100;201111030159;    3;  0.00;  -999;  -999;-999;eor
        723;201111030200;201111030259;    3;  0.00;  -999;  -999;-999;eor
        723;201111030300;201111030359;    3;  0.00;  -999;  -999;-999;eor
        723;201111030400;201111030459;    3;  0.00;  -999;  -999;-999;eor
        723;201111030500;201111030559;    3;  0.00;  -999;  -999;-999;eor
        723;201111030600;201111030659;    3;  0.00;  -999;  -999;-999;eor
        723;201111030700;201111030759;    3;  0.00;  -999;  -999;-999;eor
        723;201111030800;201111030859;    3;  0.00;  -999;  -999;-999;eor
        723;201111030900;201111030959;    3;  0.00;  -999;  -999;-999;eor
        723;201111031000;201111031059;    3;  0.00;  -999;  -999;-999;eor
        723;201111031100;201111031159;    3;  0.00;  -999;  -999;-999;eor
        723;201111031200;201111031259;    3;  0.00;  -999;  -999;-999;eor
        723;201111031300;201111031300;    3;  0.00;  -999;  -999;-999;eor
        723;201111031301;201111031301;    3;  0.00;  -999;  -999;-999;eor
        723;201111031302;201111031302;    3;  0.00;  -999;  -999;-999;eor
        723;201111031303;201111031303;    3;  0.00;  -999;  -999;-999;eor
        723;201111031304;201111031304;    3;  0.00;  -999;  -999;-999;eor
        723;201111031305;201111031305;    3;  0.00;  -999;  -999;-999;eor
        723;201111031306;201111031306;    3;  0.00;  -999;  -999;-999;eor
        723;201111031307;201111031307;    3;  0.00;  -999;  -999;-999;eor
        723;201111031308;201111031308;    3;  0.00;  -999;  -999;-999;eor
        723;201111031309;201111031309;    3;  0.04;  -999;  -999;-999;eor
        723;201111031310;201111031310;    3;  0.01;  -999;  -999;-999;eor
        723;201111031311;201111031311;    3;  0.00;  -999;  -999;-999;eor
        723;201111031312;201111031312;    3;  0.00;  -999;  -999;-999;eor
        723;201111031313;201111031313;    3;  0.00;  -999;  -999;-999;eor
        723;201111031314;201111031314;    3;  0.00;  -999;  -999;-999;eor
        723;201111031315;201111031315;    3;  0.03;  -999;  -999;-999;eor
        723;201111031316;201111031316;    3;  0.02;  -999;  -999;-999;eor
        723;201111031317;201111031317;    3;  0.05;  -999;  -999;-999;eor
        723;201111031318;201111031318;    3;  0.01;  -999;  -999;-999;eor
        723;201111031319;201111031319;    3;  0.00;  -999;  -999;-999;eor
        723;201111031320;201111031320;    3;  0.00;  -999;  -999;-999;eor
        723;201111031321;201111031321;    3;  0.05;  -999;  -999;-999;eor
        723;201111031322;201111031322;    3;  0.02;  -999;  -999;-999;eor
        723;201111031323;201111031323;    3;  0.00;  -999;  -999;-999;eor
        723;201111031324;201111031324;    3;  0.07;  -999;  -999;-999;eor
        723;201111031325;201111031325;    3;  0.04;  -999;  -999;-999;eor
        723;201111031326;201111031326;    3;  0.04;  -999;  -999;-999;eor
        723;201111031327;201111031327;    3;  0.06;  -999;  -999;-999;eor
        723;201111031328;201111031328;    3;  0.05;  -999;  -999;-999;eor
        723;201111031329;201111031329;    3;  0.06;  -999;  -999;-999;eor
        723;201111031330;201111031330;    3;  0.06;  -999;  -999;-999;eor
        723;201111031331;201111031331;    3;  0.09;  -999;  -999;-999;eor
        723;201111031332;201111031332;    3;  0.05;  -999;  -999;-999;eor
        723;201111031333;201111031333;    3;  0.07;  -999;  -999;-999;eor
        723;201111031334;201111031334;    3;  0.06;  -999;  -999;-999;eor
        723;201111031335;201111031335;    3;  0.05;  -999;  -999;-999;eor
        723;201111031336;201111031336;    3;  0.05;  -999;  -999;-999;eor
        723;201111031337;201111031337;    3;  0.06;  -999;  -999;-999;eor
        723;201111031338;201111031338;    3;  0.07;  -999;  -999;-999;eor
        723;201111031339;201111031339;    3;  0.06;  -999;  -999;-999;eor
        723;201111031340;201111031340;    3;  0.05;  -999;  -999;-999;eor
        723;201111031341;201111031341;    3;  0.06;  -999;  -999;-999;eor
        723;201111031342;201111031342;    3;  0.06;  -999;  -999;-999;eor
        723;201111031343;201111031343;    3;  0.03;  -999;  -999;-999;eor
        723;201111031344;201111031344;    3;  0.05;  -999;  -999;-999;eor
        723;201111031345;201111031345;    3;  0.04;  -999;  -999;-999;eor
        723;201111031346;201111031346;    3;  0.06;  -999;  -999;-999;eor
        723;201111031347;201111031347;    3;  0.06;  -999;  -999;-999;eor
        723;201111031348;201111031348;    3;  0.05;  -999;  -999;-999;eor
        723;201111031349;201111031349;    3;  0.04;  -999;  -999;-999;eor
        723;201111031350;201111031350;    3;  0.05;  -999;  -999;-999;eor
        723;201111031351;201111031351;    3;  0.05;  -999;  -999;-999;eor
        723;201111031352;201111031352;    3;  0.06;  -999;  -999;-999;eor
        723;201111031353;201111031353;    3;  0.05;  -999;  -999;-999;eor
        723;201111031354;201111031354;    3;  0.05;  -999;  -999;-999;eor
        723;201111031355;201111031355;    3;  0.04;  -999;  -999;-999;eor
        723;201111031356;201111031356;    3;  0.04;  -999;  -999;-999;eor
        723;201111031357;201111031357;    3;  0.03;  -999;  -999;-999;eor
        723;201111031358;201111031358;    3;  0.04;  -999;  -999;-999;eor
        723;201111031359;201111031359;    3;  0.03;  -999;  -999;-999;eor
        723;201111031400;201111031400;    3;  0.04;  -999;  -999;-999;eor
        723;201111031401;201111031401;    3;  0.03;  -999;  -999;-999;eor
        723;201111031402;201111031402;    3;  0.00;  -999;  -999;-999;eor
        723;201111031403;201111031403;    3;  0.03;  -999;  -999;-999;eor
        723;201111031404;201111031404;    3;  0.01;  -999;  -999;-999;eor
        723;201111031405;201111031405;    3;  0.00;  -999;  -999;-999;eor
        723;201111031406;201111031406;    3;  0.00;  -999;  -999;-999;eor
        723;201111031407;201111031407;    3;  0.00;  -999;  -999;-999;eor
        723;201111031408;201111031408;    3;  0.00;  -999;  -999;-999;eor
        723;201111031409;201111031409;    3;  0.00;  -999;  -999;-999;eor
        723;201111031410;201111031410;    3;  0.00;  -999;  -999;-999;eor
        723;201111031411;201111031411;    3;  0.00;  -999;  -999;-999;eor
        723;201111031412;201111031412;    3;  0.00;  -999;  -999;-999;eor
        723;201111031413;201111031413;    3;  0.00;  -999;  -999;-999;eor
        723;201111031414;201111031414;    3;  0.00;  -999;  -999;-999;eor
        723;201111031415;201111031415;    3;  0.00;  -999;  -999;-999;eor
        723;201111031416;201111031416;    3;  0.00;  -999;  -999;-999;eor
        723;201111031417;201111031417;    3;  0.00;  -999;  -999;-999;eor
        723;201111031418;201111031418;    3;  0.00;  -999;  -999;-999;eor
        723;201111031419;201111031419;    3;  0.00;  -999;  -999;-999;eor
        723;201111031420;201111031420;    3;  0.00;  -999;  -999;-999;eor
        723;201111031421;201111031421;    3;  0.00;  -999;  -999;-999;eor
        723;201111031422;201111031422;    3;  0.00;  -999;  -999;-999;eor
        723;201111031423;201111031423;    3;  0.00;  -999;  -999;-999;eor
        723;201111031424;201111031424;    3;  0.00;  -999;  -999;-999;eor
        723;201111031425;201111031425;    3;  0.00;  -999;  -999;-999;eor
        723;201111031426;201111031426;    3;  0.00;  -999;  -999;-999;eor
        723;201111031427;201111031427;    3;  0.00;  -999;  -999;-999;eor
        723;201111031428;201111031428;    3;  0.00;  -999;  -999;-999;eor
        723;201111031429;201111031429;    3;  0.00;  -999;  -999;-999;eor
        723;201111031430;201111031430;    3;  0.00;  -999;  -999;-999;eor
        723;201111031431;201111031431;    3;  0.00;  -999;  -999;-999;eor
        723;201111031432;201111031432;    3;  0.00;  -999;  -999;-999;eor
        723;201111031433;201111031433;    3;  0.00;  -999;  -999;-999;eor
        723;201111031434;201111031434;    3;  0.00;  -999;  -999;-999;eor
        723;201111031435;201111031435;    3;  0.00;  -999;  -999;-999;eor
        723;201111031436;201111031436;    3;  0.00;  -999;  -999;-999;eor
        723;201111031437;201111031437;    3;  0.00;  -999;  -999;-999;eor
        723;201111031438;201111031438;    3;  0.00;  -999;  -999;-999;eor
        723;201111031439;201111031439;    3;  0.00;  -999;  -999;-999;eor
        723;201111031440;201111031440;    3;  0.00;  -999;  -999;-999;eor
        723;201111031441;201111031441;    3;  0.00;  -999;  -999;-999;eor
        723;201111031442;201111031442;    3;  0.00;  -999;  -999;-999;eor
        723;201111031443;201111031443;    3;  0.00;  -999;  -999;-999;eor
        723;201111031444;201111031444;    3;  0.00;  -999;  -999;-999;eor
        723;201111031445;201111031445;    3;  0.00;  -999;  -999;-999;eor
        723;201111031446;201111031446;    3;  0.00;  -999;  -999;-999;eor
        723;201111031447;201111031447;    3;  0.00;  -999;  -999;-999;eor
        723;201111031448;201111031448;    3;  0.00;  -999;  -999;-999;eor
        723;201111031449;201111031449;    3;  0.00;  -999;  -999;-999;eor
        723;201111031450;201111031450;    3;  0.00;  -999;  -999;-999;eor
        723;201111031451;201111031451;    3;  0.00;  -999;  -999;-999;eor
        723;201111031452;201111031452;    3;  0.00;  -999;  -999;-999;eor
        723;201111031453;201111031453;    3;  0.00;  -999;  -999;-999;eor
        723;201111031454;201111031454;    3;  0.00;  -999;  -999;-999;eor
        723;201111031455;201111031455;    3;  0.00;  -999;  -999;-999;eor
        723;201111031456;201111031456;    3;  0.00;  -999;  -999;-999;eor
        723;201111031457;201111031457;    3;  0.00;  -999;  -999;-999;eor
        723;201111031458;201111031458;    3;  0.00;  -999;  -999;-999;eor
        723;201111031459;201111031459;    3;  0.00;  -999;  -999;-999;eor
        723;201111031500;201111031500;    3;  0.00;  -999;  -999;-999;eor
        723;201111031501;201111031501;    3;  0.00;  -999;  -999;-999;eor
        723;201111031502;201111031502;    3;  0.00;  -999;  -999;-999;eor
        723;201111031503;201111031503;    3;  0.00;  -999;  -999;-999;eor
        723;201111031504;201111031504;    3;  0.00;  -999;  -999;-999;eor
        723;201111031505;201111031505;    3;  0.00;  -999;  -999;-999;eor
        723;201111031506;201111031506;    3;  0.00;  -999;  -999;-999;eor
        723;201111031507;201111031507;    3;  0.00;  -999;  -999;-999;eor
        723;201111031508;201111031508;    3;  0.03;  -999;  -999;-999;eor
        723;201111031509;201111031509;    3;  0.00;  -999;  -999;-999;eor
        723;201111031510;201111031510;    3;  0.00;  -999;  -999;-999;eor
        723;201111031511;201111031511;    3;  0.00;  -999;  -999;-999;eor
        723;201111031512;201111031512;    3;  0.00;  -999;  -999;-999;eor
        723;201111031513;201111031513;    3;  0.00;  -999;  -999;-999;eor
        723;201111031514;201111031514;    3;  0.00;  -999;  -999;-999;eor
        723;201111031515;201111031515;    3;  0.00;  -999;  -999;-999;eor
        723;201111031516;201111031516;    3;  0.00;  -999;  -999;-999;eor
        723;201111031517;201111031517;    3;  0.00;  -999;  -999;-999;eor
        723;201111031518;201111031518;    3;  0.00;  -999;  -999;-999;eor
        723;201111031519;201111031519;    3;  0.00;  -999;  -999;-999;eor
        723;201111031520;201111031520;    3;  0.00;  -999;  -999;-999;eor
        723;201111031521;201111031521;    3;  0.00;  -999;  -999;-999;eor
        723;201111031522;201111031522;    3;  0.00;  -999;  -999;-999;eor
        723;201111031523;201111031523;    3;  0.00;  -999;  -999;-999;eor
        723;201111031524;201111031524;    3;  0.00;  -999;  -999;-999;eor
        723;201111031525;201111031525;    3;  0.00;  -999;  -999;-999;eor
        723;201111031526;201111031526;    3;  0.00;  -999;  -999;-999;eor
        723;201111031527;201111031527;    3;  0.00;  -999;  -999;-999;eor
        723;201111031528;201111031528;    3;  0.00;  -999;  -999;-999;eor
        723;201111031529;201111031529;    3;  0.00;  -999;  -999;-999;eor
        723;201111031530;201111031530;    3;  0.00;  -999;  -999;-999;eor
        723;201111031531;201111031531;    3;  0.00;  -999;  -999;-999;eor
        723;201111031532;201111031532;    3;  0.00;  -999;  -999;-999;eor
        723;201111031533;201111031533;    3;  0.00;  -999;  -999;-999;eor
        723;201111031534;201111031534;    3;  0.00;  -999;  -999;-999;eor
        723;201111031535;201111031535;    3;  0.00;  -999;  -999;-999;eor
        723;201111031536;201111031536;    3;  0.00;  -999;  -999;-999;eor
        723;201111031537;201111031537;    3;  0.00;  -999;  -999;-999;eor
        723;201111031538;201111031538;    3;  0.00;  -999;  -999;-999;eor
        723;201111031539;201111031539;    3;  0.00;  -999;  -999;-999;eor
        723;201111031540;201111031540;    3;  0.00;  -999;  -999;-999;eor
        723;201111031541;201111031541;    3;  0.00;  -999;  -999;-999;eor
        723;201111031542;201111031542;    3;  0.00;  -999;  -999;-999;eor
        723;201111031543;201111031543;    3;  0.00;  -999;  -999;-999;eor
        723;201111031544;201111031544;    3;  0.00;  -999;  -999;-999;eor
        723;201111031545;201111031545;    3;  0.00;  -999;  -999;-999;eor
        723;201111031546;201111031546;    3;  0.00;  -999;  -999;-999;eor
        723;201111031547;201111031547;    3;  0.00;  -999;  -999;-999;eor
        723;201111031548;201111031548;    3;  0.00;  -999;  -999;-999;eor
        723;201111031549;201111031549;    3;  0.00;  -999;  -999;-999;eor
        723;201111031550;201111031550;    3;  0.00;  -999;  -999;-999;eor
        723;201111031551;201111031551;    3;  0.00;  -999;  -999;-999;eor
        723;201111031552;201111031552;    3;  0.00;  -999;  -999;-999;eor
        723;201111031553;201111031553;    3;  0.00;  -999;  -999;-999;eor
        723;201111031554;201111031554;    3;  0.00;  -999;  -999;-999;eor
        723;201111031555;201111031555;    3;  0.00;  -999;  -999;-999;eor
        723;201111031556;201111031556;    3;  0.00;  -999;  -999;-999;eor
        723;201111031557;201111031557;    3;  0.00;  -999;  -999;-999;eor
        723;201111031558;201111031558;    3;  0.00;  -999;  -999;-999;eor
        723;201111031559;201111031559;    3;  0.00;  -999;  -999;-999;eor
        723;201111031600;201111031600;    3;  0.00;  -999;  -999;-999;eor
        723;201111031601;201111031601;    3;  0.00;  -999;  -999;-999;eor
        723;201111031602;201111031602;    3;  0.00;  -999;  -999;-999;eor
        723;201111031603;201111031603;    3;  0.00;  -999;  -999;-999;eor
        723;201111031604;201111031604;    3;  0.00;  -999;  -999;-999;eor
        723;201111031605;201111031605;    3;  0.00;  -999;  -999;-999;eor
        723;201111031606;201111031606;    3;  0.00;  -999;  -999;-999;eor
        723;201111031607;201111031607;    3;  0.00;  -999;  -999;-999;eor
        723;201111031608;201111031608;    3;  0.00;  -999;  -999;-999;eor
        723;201111031609;201111031609;    3;  0.00;  -999;  -999;-999;eor
        723;201111031610;201111031610;    3;  0.00;  -999;  -999;-999;eor
        723;201111031611;201111031611;    3;  0.00;  -999;  -999;-999;eor
        723;201111031612;201111031612;    3;  0.00;  -999;  -999;-999;eor
        723;201111031613;201111031613;    3;  0.00;  -999;  -999;-999;eor
        723;201111031614;201111031614;    3;  0.00;  -999;  -999;-999;eor
        723;201111031615;201111031615;    3;  0.00;  -999;  -999;-999;eor
        723;201111031616;201111031616;    3;  0.00;  -999;  -999;-999;eor
        723;201111031617;201111031617;    3;  0.00;  -999;  -999;-999;eor
        723;201111031618;201111031618;    3;  0.00;  -999;  -999;-999;eor
        723;201111031619;201111031619;    3;  0.00;  -999;  -999;-999;eor
        723;201111031620;201111031620;    3;  0.00;  -999;  -999;-999;eor
        723;201111031621;201111031621;    3;  0.00;  -999;  -999;-999;eor
        723;201111031622;201111031622;    3;  0.00;  -999;  -999;-999;eor
        723;201111031623;201111031623;    3;  0.00;  -999;  -999;-999;eor
        723;201111031624;201111031624;    3;  0.00;  -999;  -999;-999;eor
        723;201111031625;201111031625;    3;  0.00;  -999;  -999;-999;eor
        723;201111031626;201111031626;    3;  0.00;  -999;  -999;-999;eor
        723;201111031627;201111031627;    3;  0.00;  -999;  -999;-999;eor
        723;201111031628;201111031628;    3;  0.00;  -999;  -999;-999;eor
        723;201111031629;201111031629;    3;  0.00;  -999;  -999;-999;eor
        723;201111031630;201111031630;    3;  0.00;  -999;  -999;-999;eor
        723;201111031631;201111031631;    3;  0.00;  -999;  -999;-999;eor
        723;201111031632;201111031632;    3;  0.00;  -999;  -999;-999;eor
        723;201111031633;201111031633;    3;  0.00;  -999;  -999;-999;eor
        723;201111031634;201111031634;    3;  0.00;  -999;  -999;-999;eor
        723;201111031635;201111031635;    3;  0.00;  -999;  -999;-999;eor
        723;201111031636;201111031636;    3;  0.00;  -999;  -999;-999;eor
        723;201111031637;201111031637;    3;  0.00;  -999;  -999;-999;eor
        723;201111031638;201111031638;    3;  0.00;  -999;  -999;-999;eor
        723;201111031639;201111031639;    3;  0.00;  -999;  -999;-999;eor
        723;201111031640;201111031640;    3;  0.00;  -999;  -999;-999;eor
        723;201111031641;201111031641;    3;  0.00;  -999;  -999;-999;eor
        723;201111031642;201111031642;    3;  0.00;  -999;  -999;-999;eor
        723;201111031643;201111031643;    3;  0.00;  -999;  -999;-999;eor
        723;201111031644;201111031644;    3;  0.03;  -999;  -999;-999;eor
        723;201111031645;201111031645;    3;  0.00;  -999;  -999;-999;eor
        723;201111031646;201111031646;    3;  0.00;  -999;  -999;-999;eor
        723;201111031647;201111031647;    3;  0.00;  -999;  -999;-999;eor
        723;201111031648;201111031648;    3;  0.00;  -999;  -999;-999;eor
        723;201111031649;201111031649;    3;  0.00;  -999;  -999;-999;eor
        723;201111031650;201111031650;    3;  0.00;  -999;  -999;-999;eor
        723;201111031651;201111031651;    3;  0.00;  -999;  -999;-999;eor
        723;201111031652;201111031652;    3;  0.00;  -999;  -999;-999;eor
        723;201111031653;201111031653;    3;  0.00;  -999;  -999;-999;eor
        723;201111031654;201111031654;    3;  0.00;  -999;  -999;-999;eor
        723;201111031655;201111031655;    3;  0.00;  -999;  -999;-999;eor
        723;201111031656;201111031656;    3;  0.00;  -999;  -999;-999;eor
        723;201111031657;201111031657;    3;  0.04;  -999;  -999;-999;eor
        723;201111031658;201111031658;    3;  0.00;  -999;  -999;-999;eor
        723;201111031659;201111031659;    3;  0.00;  -999;  -999;-999;eor
        723;201111031700;201111031759;    3;  0.00;  -999;  -999;-999;eor
        723;201111031800;201111031800;    3;  0.00;  -999;  -999;-999;eor
        723;201111031801;201111031801;    3;  0.00;  -999;  -999;-999;eor
        723;201111031802;201111031802;    3;  0.00;  -999;  -999;-999;eor
        723;201111031803;201111031803;    3;  0.00;  -999;  -999;-999;eor
        723;201111031804;201111031804;    3;  0.00;  -999;  -999;-999;eor
        723;201111031805;201111031805;    3;  0.00;  -999;  -999;-999;eor
        723;201111031806;201111031806;    3;  0.00;  -999;  -999;-999;eor
        723;201111031807;201111031807;    3;  0.00;  -999;  -999;-999;eor
        723;201111031808;201111031808;    3;  0.00;  -999;  -999;-999;eor
        723;201111031809;201111031809;    3;  0.00;  -999;  -999;-999;eor
        723;201111031810;201111031810;    3;  0.00;  -999;  -999;-999;eor
        723;201111031811;201111031811;    3;  0.00;  -999;  -999;-999;eor
        723;201111031812;201111031812;    3;  0.00;  -999;  -999;-999;eor
        723;201111031813;201111031813;    3;  0.00;  -999;  -999;-999;eor
        723;201111031814;201111031814;    3;  0.00;  -999;  -999;-999;eor
        723;201111031815;201111031815;    3;  0.00;  -999;  -999;-999;eor
        723;201111031816;201111031816;    3;  0.00;  -999;  -999;-999;eor
        723;201111031817;201111031817;    3;  0.00;  -999;  -999;-999;eor
        723;201111031818;201111031818;    3;  0.00;  -999;  -999;-999;eor
        723;201111031819;201111031819;    3;  0.00;  -999;  -999;-999;eor
        723;201111031820;201111031820;    3;  0.00;  -999;  -999;-999;eor
        723;201111031821;201111031821;    3;  0.00;  -999;  -999;-999;eor
        723;201111031822;201111031822;    3;  0.00;  -999;  -999;-999;eor
        723;201111031823;201111031823;    3;  0.00;  -999;  -999;-999;eor
        723;201111031824;201111031824;    3;  0.00;  -999;  -999;-999;eor
        723;201111031825;201111031825;    3;  0.00;  -999;  -999;-999;eor
        723;201111031826;201111031826;    3;  0.00;  -999;  -999;-999;eor
        723;201111031827;201111031827;    3;  0.00;  -999;  -999;-999;eor
        723;201111031828;201111031828;    3;  0.00;  -999;  -999;-999;eor
        723;201111031829;201111031829;    3;  0.00;  -999;  -999;-999;eor
        723;201111031830;201111031830;    3;  0.00;  -999;  -999;-999;eor
        723;201111031831;201111031831;    3;  0.00;  -999;  -999;-999;eor
        723;201111031832;201111031832;    3;  0.00;  -999;  -999;-999;eor
        723;201111031833;201111031833;    3;  0.00;  -999;  -999;-999;eor
        723;201111031834;201111031834;    3;  0.00;  -999;  -999;-999;eor
        723;201111031835;201111031835;    3;  0.00;  -999;  -999;-999;eor
        723;201111031836;201111031836;    3;  0.00;  -999;  -999;-999;eor
        723;201111031837;201111031837;    3;  0.00;  -999;  -999;-999;eor
        723;201111031838;201111031838;    3;  0.00;  -999;  -999;-999;eor
        723;201111031839;201111031839;    3;  0.00;  -999;  -999;-999;eor
        723;201111031840;201111031840;    3;  0.00;  -999;  -999;-999;eor
        723;201111031841;201111031841;    3;  0.00;  -999;  -999;-999;eor
        723;201111031842;201111031842;    3;  0.00;  -999;  -999;-999;eor
        723;201111031843;201111031843;    3;  0.00;  -999;  -999;-999;eor
        723;201111031844;201111031844;    3;  0.03;  -999;  -999;-999;eor
        723;201111031845;201111031845;    3;  0.00;  -999;  -999;-999;eor
        723;201111031846;201111031846;    3;  0.00;  -999;  -999;-999;eor
        723;201111031847;201111031847;    3;  0.00;  -999;  -999;-999;eor
        723;201111031848;201111031848;    3;  0.00;  -999;  -999;-999;eor
        723;201111031849;201111031849;    3;  0.00;  -999;  -999;-999;eor
        723;201111031850;201111031850;    3;  0.00;  -999;  -999;-999;eor
        723;201111031851;201111031851;    3;  0.00;  -999;  -999;-999;eor
        723;201111031852;201111031852;    3;  0.00;  -999;  -999;-999;eor
        723;201111031853;201111031853;    3;  0.00;  -999;  -999;-999;eor
        723;201111031854;201111031854;    3;  0.00;  -999;  -999;-999;eor
        723;201111031855;201111031855;    3;  0.00;  -999;  -999;-999;eor
        723;201111031856;201111031856;    3;  0.00;  -999;  -999;-999;eor
        723;201111031857;201111031857;    3;  0.00;  -999;  -999;-999;eor
        723;201111031858;201111031858;    3;  0.00;  -999;  -999;-999;eor
        723;201111031859;201111031859;    3;  0.00;  -999;  -999;-999;eor
        723;201111031900;201111031959;    3;  0.00;  -999;  -999;-999;eor
        723;201111032000;201111032059;    3;  0.00;  -999;  -999;-999;eor
        723;201111032100;201111032159;    3;  0.00;  -999;  -999;-999;eor
        723;201111032200;201111032259;    3;  0.00;  -999;  -999;-999;eor
        723;201111032300;201111032359;    3;  0.00;  -999;  -999;-999;eor
        723;201111040000;201111040000;    3;  0.00;  -999;  -999;-999;eor
        723;201111040001;201111040001;    3;  0.00;  -999;  -999;-999;eor
        723;201111040002;201111040002;    3;  0.00;  -999;  -999;-999;eor
        723;201111040003;201111040003;    3;  0.00;  -999;  -999;-999;eor
        723;201111040004;201111040004;    3;  0.00;  -999;  -999;-999;eor
        723;201111040005;201111040005;    3;  0.00;  -999;  -999;-999;eor
        723;201111040006;201111040006;    3;  0.00;  -999;  -999;-999;eor
        723;201111040007;201111040007;    3;  0.00;  -999;  -999;-999;eor
        723;201111040008;201111040008;    3;  0.00;  -999;  -999;-999;eor
        723;201111040009;201111040009;    3;  0.00;  -999;  -999;-999;eor
        723;201111040010;201111040010;    3;  0.00;  -999;  -999;-999;eor
        723;201111040011;201111040011;    3;  0.00;  -999;  -999;-999;eor
        723;201111040012;201111040012;    3;  0.00;  -999;  -999;-999;eor
        723;201111040013;201111040013;    3;  0.00;  -999;  -999;-999;eor
        723;201111040014;201111040014;    3;  0.00;  -999;  -999;-999;eor
        723;201111040015;201111040015;    3;  0.00;  -999;  -999;-999;eor
        723;201111040016;201111040016;    3;  0.00;  -999;  -999;-999;eor
        723;201111040017;201111040017;    3;  0.00;  -999;  -999;-999;eor
        723;201111040018;201111040018;    3;  0.00;  -999;  -999;-999;eor
        723;201111040019;201111040019;    3;  0.00;  -999;  -999;-999;eor
        723;201111040020;201111040020;    3;  0.00;  -999;  -999;-999;eor
        723;201111040021;201111040021;    3;  0.04;  -999;  -999;-999;eor
        723;201111040022;201111040022;    3;  0.04;  -999;  -999;-999;eor
        723;201111040023;201111040023;    3;  0.01;  -999;  -999;-999;eor
        723;201111040024;201111040024;    3;  0.00;  -999;  -999;-999;eor
        723;201111040025;201111040025;    3;  0.03;  -999;  -999;-999;eor
        723;201111040026;201111040026;    3;  0.03;  -999;  -999;-999;eor
        723;201111040027;201111040027;    3;  0.04;  -999;  -999;-999;eor
        723;201111040028;201111040028;    3;  0.05;  -999;  -999;-999;eor
        723;201111040029;201111040029;    3;  0.05;  -999;  -999;-999;eor
        723;201111040030;201111040030;    3;  0.03;  -999;  -999;-999;eor
        723;201111040031;201111040031;    3;  0.05;  -999;  -999;-999;eor
        723;201111040032;201111040032;    3;  0.03;  -999;  -999;-999;eor
        723;201111040033;201111040033;    3;  0.03;  -999;  -999;-999;eor
        723;201111040034;201111040034;    3;  0.05;  -999;  -999;-999;eor
        723;201111040035;201111040035;    3;  0.04;  -999;  -999;-999;eor
        723;201111040036;201111040036;    3;  0.03;  -999;  -999;-999;eor
        723;201111040037;201111040037;    3;  0.04;  -999;  -999;-999;eor
        723;201111040038;201111040038;    3;  0.03;  -999;  -999;-999;eor
        723;201111040039;201111040039;    3;  0.05;  -999;  -999;-999;eor
        723;201111040040;201111040040;    3;  0.06;  -999;  -999;-999;eor
        723;201111040041;201111040041;    3;  0.04;  -999;  -999;-999;eor
        723;201111040042;201111040042;    3;  0.02;  -999;  -999;-999;eor
        723;201111040043;201111040043;    3;  0.00;  -999;  -999;-999;eor
        723;201111040044;201111040044;    3;  0.05;  -999;  -999;-999;eor
        723;201111040045;201111040045;    3;  0.03;  -999;  -999;-999;eor
        723;201111040046;201111040046;    3;  0.00;  -999;  -999;-999;eor
        723;201111040047;201111040047;    3;  0.05;  -999;  -999;-999;eor
        723;201111040048;201111040048;    3;  0.03;  -999;  -999;-999;eor
        723;201111040049;201111040049;    3;  0.03;  -999;  -999;-999;eor
        723;201111040050;201111040050;    3;  0.04;  -999;  -999;-999;eor
        723;201111040051;201111040051;    3;  0.03;  -999;  -999;-999;eor
        723;201111040052;201111040052;    3;  0.00;  -999;  -999;-999;eor
        723;201111040053;201111040053;    3;  0.00;  -999;  -999;-999;eor
        723;201111040054;201111040054;    3;  0.04;  -999;  -999;-999;eor
        723;201111040055;201111040055;    3;  0.02;  -999;  -999;-999;eor
        723;201111040056;201111040056;    3;  0.00;  -999;  -999;-999;eor
        723;201111040057;201111040057;    3;  0.03;  -999;  -999;-999;eor
        723;201111040058;201111040058;    3;  0.02;  -999;  -999;-999;eor
        723;201111040059;201111040059;    3;  0.00;  -999;  -999;-999;eor
        723;201111040100;201111040100;    3;  0.00;  -999;  -999;-999;eor
        723;201111040101;201111040101;    3;  0.00;  -999;  -999;-999;eor
        723;201111040102;201111040102;    3;  0.00;  -999;  -999;-999;eor
        723;201111040103;201111040103;    3;  0.03;  -999;  -999;-999;eor
        723;201111040104;201111040104;    3;  0.01;  -999;  -999;-999;eor
        723;201111040105;201111040105;    3;  0.00;  -999;  -999;-999;eor
        723;201111040106;201111040106;    3;  0.00;  -999;  -999;-999;eor
        723;201111040107;201111040107;    3;  0.00;  -999;  -999;-999;eor
        723;201111040108;201111040108;    3;  0.00;  -999;  -999;-999;eor
        723;201111040109;201111040109;    3;  0.03;  -999;  -999;-999;eor
        723;201111040110;201111040110;    3;  0.01;  -999;  -999;-999;eor
        723;201111040111;201111040111;    3;  0.00;  -999;  -999;-999;eor
        723;201111040112;201111040112;    3;  0.00;  -999;  -999;-999;eor
        723;201111040113;201111040113;    3;  0.00;  -999;  -999;-999;eor
        723;201111040114;201111040114;    3;  0.04;  -999;  -999;-999;eor
        723;201111040115;201111040115;    3;  0.01;  -999;  -999;-999;eor
        723;201111040116;201111040116;    3;  0.00;  -999;  -999;-999;eor
        723;201111040117;201111040117;    3;  0.00;  -999;  -999;-999;eor
        723;201111040118;201111040118;    3;  0.00;  -999;  -999;-999;eor
        723;201111040119;201111040119;    3;  0.04;  -999;  -999;-999;eor
        723;201111040120;201111040120;    3;  0.01;  -999;  -999;-999;eor
        723;201111040121;201111040121;    3;  0.00;  -999;  -999;-999;eor
        723;201111040122;201111040122;    3;  0.00;  -999;  -999;-999;eor
        723;201111040123;201111040123;    3;  0.00;  -999;  -999;-999;eor
        723;201111040124;201111040124;    3;  0.00;  -999;  -999;-999;eor
        723;201111040125;201111040125;    3;  0.00;  -999;  -999;-999;eor
        723;201111040126;201111040126;    3;  0.00;  -999;  -999;-999;eor
        723;201111040127;201111040127;    3;  0.03;  -999;  -999;-999;eor
        723;201111040128;201111040128;    3;  0.00;  -999;  -999;-999;eor
        723;201111040129;201111040129;    3;  0.00;  -999;  -999;-999;eor
        723;201111040130;201111040130;    3;  0.00;  -999;  -999;-999;eor
        723;201111040131;201111040131;    3;  0.00;  -999;  -999;-999;eor
        723;201111040132;201111040132;    3;  0.00;  -999;  -999;-999;eor
        723;201111040133;201111040133;    3;  0.03;  -999;  -999;-999;eor
        723;201111040134;201111040134;    3;  0.01;  -999;  -999;-999;eor
        723;201111040135;201111040135;    3;  0.00;  -999;  -999;-999;eor
        723;201111040136;201111040136;    3;  0.00;  -999;  -999;-999;eor
        723;201111040137;201111040137;    3;  0.00;  -999;  -999;-999;eor
        723;201111040138;201111040138;    3;  0.00;  -999;  -999;-999;eor
        723;201111040139;201111040139;    3;  0.00;  -999;  -999;-999;eor
        723;201111040140;201111040140;    3;  0.00;  -999;  -999;-999;eor
        723;201111040141;201111040141;    3;  0.00;  -999;  -999;-999;eor
        723;201111040142;201111040142;    3;  0.00;  -999;  -999;-999;eor
        723;201111040143;201111040143;    3;  0.00;  -999;  -999;-999;eor
        723;201111040144;201111040144;    3;  0.00;  -999;  -999;-999;eor
        723;201111040145;201111040145;    3;  0.00;  -999;  -999;-999;eor
        723;201111040146;201111040146;    3;  0.00;  -999;  -999;-999;eor
        723;201111040147;201111040147;    3;  0.03;  -999;  -999;-999;eor
        723;201111040148;201111040148;    3;  0.00;  -999;  -999;-999;eor
        723;201111040149;201111040149;    3;  0.00;  -999;  -999;-999;eor
        723;201111040150;201111040150;    3;  0.00;  -999;  -999;-999;eor
        723;201111040151;201111040151;    3;  0.00;  -999;  -999;-999;eor
        723;201111040152;201111040152;    3;  0.00;  -999;  -999;-999;eor
        723;201111040153;201111040153;    3;  0.00;  -999;  -999;-999;eor
        723;201111040154;201111040154;    3;  0.00;  -999;  -999;-999;eor
        723;201111040155;201111040155;    3;  0.00;  -999;  -999;-999;eor
        723;201111040156;201111040156;    3;  0.00;  -999;  -999;-999;eor
        723;201111040157;201111040157;    3;  0.00;  -999;  -999;-999;eor
        723;201111040158;201111040158;    3;  0.00;  -999;  -999;-999;eor
        723;201111040159;201111040159;    3;  0.00;  -999;  -999;-999;eor
        723;201111040200;201111040259;    3;  0.00;  -999;  -999;-999;eor
        723;201111040300;201111040300;    3;  0.00;  -999;  -999;-999;eor
        723;201111040301;201111040301;    3;  0.00;  -999;  -999;-999;eor
        723;201111040302;201111040302;    3;  0.00;  -999;  -999;-999;eor
        723;201111040303;201111040303;    3;  0.00;  -999;  -999;-999;eor
        723;201111040304;201111040304;    3;  0.00;  -999;  -999;-999;eor
        723;201111040305;201111040305;    3;  0.00;  -999;  -999;-999;eor
        723;201111040306;201111040306;    3;  0.00;  -999;  -999;-999;eor
        723;201111040307;201111040307;    3;  0.00;  -999;  -999;-999;eor
        723;201111040308;201111040308;    3;  0.00;  -999;  -999;-999;eor
        723;201111040309;201111040309;    3;  0.00;  -999;  -999;-999;eor
        723;201111040310;201111040310;    3;  0.00;  -999;  -999;-999;eor
        723;201111040311;201111040311;    3;  0.00;  -999;  -999;-999;eor
        723;201111040312;201111040312;    3;  0.00;  -999;  -999;-999;eor
        723;201111040313;201111040313;    3;  0.00;  -999;  -999;-999;eor
        723;201111040314;201111040314;    3;  0.00;  -999;  -999;-999;eor
        723;201111040315;201111040315;    3;  0.00;  -999;  -999;-999;eor
        723;201111040316;201111040316;    3;  0.00;  -999;  -999;-999;eor
        723;201111040317;201111040317;    3;  0.00;  -999;  -999;-999;eor
        723;201111040318;201111040318;    3;  0.00;  -999;  -999;-999;eor
        723;201111040319;201111040319;    3;  0.00;  -999;  -999;-999;eor
        723;201111040320;201111040320;    3;  0.00;  -999;  -999;-999;eor
        723;201111040321;201111040321;    3;  0.00;  -999;  -999;-999;eor
        723;201111040322;201111040322;    3;  0.03;  -999;  -999;-999;eor
        723;201111040323;201111040323;    3;  0.01;  -999;  -999;-999;eor
        723;201111040324;201111040324;    3;  0.00;  -999;  -999;-999;eor
        723;201111040325;201111040325;    3;  0.00;  -999;  -999;-999;eor
        723;201111040326;201111040326;    3;  0.00;  -999;  -999;-999;eor
        723;201111040327;201111040327;    3;  0.00;  -999;  -999;-999;eor
        723;201111040328;201111040328;    3;  0.00;  -999;  -999;-999;eor
        723;201111040329;201111040329;    3;  0.00;  -999;  -999;-999;eor
        723;201111040330;201111040330;    3;  0.00;  -999;  -999;-999;eor
        723;201111040331;201111040331;    3;  0.00;  -999;  -999;-999;eor
        723;201111040332;201111040332;    3;  0.00;  -999;  -999;-999;eor
        723;201111040333;201111040333;    3;  0.00;  -999;  -999;-999;eor
        723;201111040334;201111040334;    3;  0.00;  -999;  -999;-999;eor
        723;201111040335;201111040335;    3;  0.00;  -999;  -999;-999;eor
        723;201111040336;201111040336;    3;  0.00;  -999;  -999;-999;eor
        723;201111040337;201111040337;    3;  0.00;  -999;  -999;-999;eor
        723;201111040338;201111040338;    3;  0.00;  -999;  -999;-999;eor
        723;201111040339;201111040339;    3;  0.00;  -999;  -999;-999;eor
        723;201111040340;201111040340;    3;  0.00;  -999;  -999;-999;eor
        723;201111040341;201111040341;    3;  0.00;  -999;  -999;-999;eor
        723;201111040342;201111040342;    3;  0.00;  -999;  -999;-999;eor
        723;201111040343;201111040343;    3;  0.00;  -999;  -999;-999;eor
        723;201111040344;201111040344;    3;  0.00;  -999;  -999;-999;eor
        723;201111040345;201111040345;    3;  0.00;  -999;  -999;-999;eor
        723;201111040346;201111040346;    3;  0.00;  -999;  -999;-999;eor
        723;201111040347;201111040347;    3;  0.00;  -999;  -999;-999;eor
        723;201111040348;201111040348;    3;  0.00;  -999;  -999;-999;eor
        723;201111040349;201111040349;    3;  0.00;  -999;  -999;-999;eor
        723;201111040350;201111040350;    3;  0.00;  -999;  -999;-999;eor
        723;201111040351;201111040351;    3;  0.00;  -999;  -999;-999;eor
        723;201111040352;201111040352;    3;  0.00;  -999;  -999;-999;eor
        723;201111040353;201111040353;    3;  0.00;  -999;  -999;-999;eor
        723;201111040354;201111040354;    3;  0.00;  -999;  -999;-999;eor
        723;201111040355;201111040355;    3;  0.00;  -999;  -999;-999;eor
        723;201111040356;201111040356;    3;  0.00;  -999;  -999;-999;eor
        723;201111040357;201111040357;    3;  0.00;  -999;  -999;-999;eor
        723;201111040358;201111040358;    3;  0.00;  -999;  -999;-999;eor
        723;201111040359;201111040359;    3;  0.00;  -999;  -999;-999;eor
        723;201111040400;201111040459;    3;  0.00;  -999;  -999;-999;eor
        723;201111040500;201111040559;    3;  0.00;  -999;  -999;-999;eor
        723;201111040600;201111040659;    3;  0.00;  -999;  -999;-999;eor
        723;201111040700;201111040759;    3;  0.00;  -999;  -999;-999;eor
        723;201111040800;201111040859;    3;  0.00;  -999;  -999;-999;eor
        723;201111040900;201111040959;    3;  0.00;  -999;  -999;-999;eor
        723;201111041000;201111041059;    3;  0.00;  -999;  -999;-999;eor
        723;201111041100;201111041159;    3;  0.00;  -999;  -999;-999;eor
        723;201111041200;201111041259;    3;  0.00;  -999;  -999;-999;eor
        723;201111041300;201111041359;    3;  0.00;  -999;  -999;-999;eor
        723;201111041400;201111041459;    3;  0.00;  -999;  -999;-999;eor
        723;201111041500;201111041500;    3;  0.00;  -999;  -999;-999;eor
        723;201111041501;201111041501;    3;  0.00;  -999;  -999;-999;eor
        723;201111041502;201111041502;    3;  0.00;  -999;  -999;-999;eor
        723;201111041503;201111041503;    3;  0.00;  -999;  -999;-999;eor
        723;201111041504;201111041504;    3;  0.00;  -999;  -999;-999;eor
        723;201111041505;201111041505;    3;  0.00;  -999;  -999;-999;eor
        723;201111041506;201111041506;    3;  0.00;  -999;  -999;-999;eor
        723;201111041507;201111041507;    3;  0.00;  -999;  -999;-999;eor
        723;201111041508;201111041508;    3;  0.00;  -999;  -999;-999;eor
        723;201111041509;201111041509;    3;  0.00;  -999;  -999;-999;eor
        723;201111041510;201111041510;    3;  0.00;  -999;  -999;-999;eor
        723;201111041511;201111041511;    3;  0.00;  -999;  -999;-999;eor
        723;201111041512;201111041512;    3;  0.00;  -999;  -999;-999;eor
        723;201111041513;201111041513;    3;  0.03;  -999;  -999;-999;eor
        723;201111041514;201111041514;    3;  0.00;  -999;  -999;-999;eor
        723;201111041515;201111041515;    3;  0.00;  -999;  -999;-999;eor
        723;201111041516;201111041516;    3;  0.00;  -999;  -999;-999;eor
        723;201111041517;201111041517;    3;  0.00;  -999;  -999;-999;eor
        723;201111041518;201111041518;    3;  0.00;  -999;  -999;-999;eor
        723;201111041519;201111041519;    3;  0.00;  -999;  -999;-999;eor
        723;201111041520;201111041520;    3;  0.00;  -999;  -999;-999;eor
        723;201111041521;201111041521;    3;  0.00;  -999;  -999;-999;eor
        723;201111041522;201111041522;    3;  0.00;  -999;  -999;-999;eor
        723;201111041523;201111041523;    3;  0.03;  -999;  -999;-999;eor
        723;201111041524;201111041524;    3;  0.00;  -999;  -999;-999;eor
        723;201111041525;201111041525;    3;  0.00;  -999;  -999;-999;eor
        723;201111041526;201111041526;    3;  0.00;  -999;  -999;-999;eor
        723;201111041527;201111041527;    3;  0.00;  -999;  -999;-999;eor
        723;201111041528;201111041528;    3;  0.00;  -999;  -999;-999;eor
        723;201111041529;201111041529;    3;  0.00;  -999;  -999;-999;eor
        723;201111041530;201111041530;    3;  0.00;  -999;  -999;-999;eor
        723;201111041531;201111041531;    3;  0.00;  -999;  -999;-999;eor
        723;201111041532;201111041532;    3;  0.00;  -999;  -999;-999;eor
        723;201111041533;201111041533;    3;  0.00;  -999;  -999;-999;eor
        723;201111041534;201111041534;    3;  0.00;  -999;  -999;-999;eor
        723;201111041535;201111041535;    3;  0.00;  -999;  -999;-999;eor
        723;201111041536;201111041536;    3;  0.00;  -999;  -999;-999;eor
        723;201111041537;201111041537;    3;  0.00;  -999;  -999;-999;eor
        723;201111041538;201111041538;    3;  0.00;  -999;  -999;-999;eor
        723;201111041539;201111041539;    3;  0.00;  -999;  -999;-999;eor
        723;201111041540;201111041540;    3;  0.00;  -999;  -999;-999;eor
        723;201111041541;201111041541;    3;  0.00;  -999;  -999;-999;eor
        723;201111041542;201111041542;    3;  0.00;  -999;  -999;-999;eor
        723;201111041543;201111041543;    3;  0.00;  -999;  -999;-999;eor
        723;201111041544;201111041544;    3;  0.00;  -999;  -999;-999;eor
        723;201111041545;201111041545;    3;  0.00;  -999;  -999;-999;eor
        723;201111041546;201111041546;    3;  0.00;  -999;  -999;-999;eor
        723;201111041547;201111041547;    3;  0.00;  -999;  -999;-999;eor
        723;201111041548;201111041548;    3;  0.00;  -999;  -999;-999;eor
        723;201111041549;201111041549;    3;  0.00;  -999;  -999;-999;eor
        723;201111041550;201111041550;    3;  0.00;  -999;  -999;-999;eor
        723;201111041551;201111041551;    3;  0.00;  -999;  -999;-999;eor
        723;201111041552;201111041552;    3;  0.00;  -999;  -999;-999;eor
        723;201111041553;201111041553;    3;  0.00;  -999;  -999;-999;eor
        723;201111041554;201111041554;    3;  0.00;  -999;  -999;-999;eor
        723;201111041555;201111041555;    3;  0.00;  -999;  -999;-999;eor
        723;201111041556;201111041556;    3;  0.00;  -999;  -999;-999;eor
        723;201111041557;201111041557;    3;  0.00;  -999;  -999;-999;eor
        723;201111041558;201111041558;    3;  0.00;  -999;  -999;-999;eor
        723;201111041559;201111041559;    3;  0.00;  -999;  -999;-999;eor
        723;201111041600;201111041600;    3;  0.00;  -999;  -999;-999;eor
        723;201111041601;201111041601;    3;  0.00;  -999;  -999;-999;eor
        723;201111041602;201111041602;    3;  0.00;  -999;  -999;-999;eor
        723;201111041603;201111041603;    3;  0.00;  -999;  -999;-999;eor
        723;201111041604;201111041604;    3;  0.00;  -999;  -999;-999;eor
        723;201111041605;201111041605;    3;  0.00;  -999;  -999;-999;eor
        723;201111041606;201111041606;    3;  0.00;  -999;  -999;-999;eor
        723;201111041607;201111041607;    3;  0.00;  -999;  -999;-999;eor
        723;201111041608;201111041608;    3;  0.00;  -999;  -999;-999;eor
        723;201111041609;201111041609;    3;  0.00;  -999;  -999;-999;eor
        723;201111041610;201111041610;    3;  0.00;  -999;  -999;-999;eor
        723;201111041611;201111041611;    3;  0.00;  -999;  -999;-999;eor
        723;201111041612;201111041612;    3;  0.00;  -999;  -999;-999;eor
        723;201111041613;201111041613;    3;  0.00;  -999;  -999;-999;eor
        723;201111041614;201111041614;    3;  0.00;  -999;  -999;-999;eor
        723;201111041615;201111041615;    3;  0.00;  -999;  -999;-999;eor
        723;201111041616;201111041616;    3;  0.00;  -999;  -999;-999;eor
        723;201111041617;201111041617;    3;  0.00;  -999;  -999;-999;eor
        723;201111041618;201111041618;    3;  0.00;  -999;  -999;-999;eor
        723;201111041619;201111041619;    3;  0.00;  -999;  -999;-999;eor
        723;201111041620;201111041620;    3;  0.00;  -999;  -999;-999;eor
        723;201111041621;201111041621;    3;  0.00;  -999;  -999;-999;eor
        723;201111041622;201111041622;    3;  0.00;  -999;  -999;-999;eor
        723;201111041623;201111041623;    3;  0.00;  -999;  -999;-999;eor
        723;201111041624;201111041624;    3;  0.00;  -999;  -999;-999;eor
        723;201111041625;201111041625;    3;  0.00;  -999;  -999;-999;eor
        723;201111041626;201111041626;    3;  0.00;  -999;  -999;-999;eor
        723;201111041627;201111041627;    3;  0.00;  -999;  -999;-999;eor
        723;201111041628;201111041628;    3;  0.00;  -999;  -999;-999;eor
        723;201111041629;201111041629;    3;  0.00;  -999;  -999;-999;eor
        723;201111041630;201111041630;    3;  0.00;  -999;  -999;-999;eor
        723;201111041631;201111041631;    3;  0.00;  -999;  -999;-999;eor
        723;201111041632;201111041632;    3;  0.00;  -999;  -999;-999;eor
        723;201111041633;201111041633;    3;  0.00;  -999;  -999;-999;eor
        723;201111041634;201111041634;    3;  0.00;  -999;  -999;-999;eor
        723;201111041635;201111041635;    3;  0.00;  -999;  -999;-999;eor
        723;201111041636;201111041636;    3;  0.00;  -999;  -999;-999;eor
        723;201111041637;201111041637;    3;  0.00;  -999;  -999;-999;eor
        723;201111041638;201111041638;    3;  0.00;  -999;  -999;-999;eor
        723;201111041639;201111041639;    3;  0.00;  -999;  -999;-999;eor
        723;201111041640;201111041640;    3;  0.00;  -999;  -999;-999;eor
        723;201111041641;201111041641;    3;  0.00;  -999;  -999;-999;eor
        723;201111041642;201111041642;    3;  0.00;  -999;  -999;-999;eor
        723;201111041643;201111041643;    3;  0.04;  -999;  -999;-999;eor
        723;201111041644;201111041644;    3;  0.00;  -999;  -999;-999;eor
        723;201111041645;201111041645;    3;  0.00;  -999;  -999;-999;eor
        723;201111041646;201111041646;    3;  0.00;  -999;  -999;-999;eor
        723;201111041647;201111041647;    3;  0.00;  -999;  -999;-999;eor
        723;201111041648;201111041648;    3;  0.03;  -999;  -999;-999;eor
        723;201111041649;201111041649;    3;  0.01;  -999;  -999;-999;eor
        723;201111041650;201111041650;    3;  0.00;  -999;  -999;-999;eor
        723;201111041651;201111041651;    3;  0.00;  -999;  -999;-999;eor
        723;201111041652;201111041652;    3;  0.00;  -999;  -999;-999;eor
        723;201111041653;201111041653;    3;  0.00;  -999;  -999;-999;eor
        723;201111041654;201111041654;    3;  0.00;  -999;  -999;-999;eor
        723;201111041655;201111041655;    3;  0.00;  -999;  -999;-999;eor
        723;201111041656;201111041656;    3;  0.04;  -999;  -999;-999;eor
        723;201111041657;201111041657;    3;  0.00;  -999;  -999;-999;eor
        723;201111041658;201111041658;    3;  0.00;  -999;  -999;-999;eor
        723;201111041659;201111041659;    3;  0.00;  -999;  -999;-999;eor
        723;201111041700;201111041700;    3;  0.00;  -999;  -999;-999;eor
        723;201111041701;201111041701;    3;  0.00;  -999;  -999;-999;eor
        723;201111041702;201111041702;    3;  0.00;  -999;  -999;-999;eor
        723;201111041703;201111041703;    3;  0.00;  -999;  -999;-999;eor
        723;201111041704;201111041704;    3;  0.00;  -999;  -999;-999;eor
        723;201111041705;201111041705;    3;  0.00;  -999;  -999;-999;eor
        723;201111041706;201111041706;    3;  0.00;  -999;  -999;-999;eor
        723;201111041707;201111041707;    3;  0.00;  -999;  -999;-999;eor
        723;201111041708;201111041708;    3;  0.00;  -999;  -999;-999;eor
        723;201111041709;201111041709;    3;  0.00;  -999;  -999;-999;eor
        723;201111041710;201111041710;    3;  0.00;  -999;  -999;-999;eor
        723;201111041711;201111041711;    3;  0.00;  -999;  -999;-999;eor
        723;201111041712;201111041712;    3;  0.00;  -999;  -999;-999;eor
        723;201111041713;201111041713;    3;  0.00;  -999;  -999;-999;eor
        723;201111041714;201111041714;    3;  0.03;  -999;  -999;-999;eor
        723;201111041715;201111041715;    3;  0.00;  -999;  -999;-999;eor
        723;201111041716;201111041716;    3;  0.00;  -999;  -999;-999;eor
        723;201111041717;201111041717;    3;  0.00;  -999;  -999;-999;eor
        723;201111041718;201111041718;    3;  0.00;  -999;  -999;-999;eor
        723;201111041719;201111041719;    3;  0.00;  -999;  -999;-999;eor
        723;201111041720;201111041720;    3;  0.00;  -999;  -999;-999;eor
        723;201111041721;201111041721;    3;  0.00;  -999;  -999;-999;eor
        723;201111041722;201111041722;    3;  0.00;  -999;  -999;-999;eor
        723;201111041723;201111041723;    3;  0.00;  -999;  -999;-999;eor
        723;201111041724;201111041724;    3;  0.00;  -999;  -999;-999;eor
        723;201111041725;201111041725;    3;  0.00;  -999;  -999;-999;eor
        723;201111041726;201111041726;    3;  0.00;  -999;  -999;-999;eor
        723;201111041727;201111041727;    3;  0.00;  -999;  -999;-999;eor
        723;201111041728;201111041728;    3;  0.00;  -999;  -999;-999;eor
        723;201111041729;201111041729;    3;  0.00;  -999;  -999;-999;eor
        723;201111041730;201111041730;    3;  0.00;  -999;  -999;-999;eor
        723;201111041731;201111041731;    3;  0.00;  -999;  -999;-999;eor
        723;201111041732;201111041732;    3;  0.00;  -999;  -999;-999;eor
        723;201111041733;201111041733;    3;  0.00;  -999;  -999;-999;eor
        723;201111041734;201111041734;    3;  0.00;  -999;  -999;-999;eor
        723;201111041735;201111041735;    3;  0.00;  -999;  -999;-999;eor
        723;201111041736;201111041736;    3;  0.00;  -999;  -999;-999;eor
        723;201111041737;201111041737;    3;  0.00;  -999;  -999;-999;eor
        723;201111041738;201111041738;    3;  0.00;  -999;  -999;-999;eor
        723;201111041739;201111041739;    3;  0.00;  -999;  -999;-999;eor
        723;201111041740;201111041740;    3;  0.00;  -999;  -999;-999;eor
        723;201111041741;201111041741;    3;  0.00;  -999;  -999;-999;eor
        723;201111041742;201111041742;    3;  0.00;  -999;  -999;-999;eor
        723;201111041743;201111041743;    3;  0.00;  -999;  -999;-999;eor
        723;201111041744;201111041744;    3;  0.00;  -999;  -999;-999;eor
        723;201111041745;201111041745;    3;  0.00;  -999;  -999;-999;eor
        723;201111041746;201111041746;    3;  0.00;  -999;  -999;-999;eor
        723;201111041747;201111041747;    3;  0.00;  -999;  -999;-999;eor
        723;201111041748;201111041748;    3;  0.00;  -999;  -999;-999;eor
        723;201111041749;201111041749;    3;  0.00;  -999;  -999;-999;eor
        723;201111041750;201111041750;    3;  0.00;  -999;  -999;-999;eor
        723;201111041751;201111041751;    3;  0.00;  -999;  -999;-999;eor
        723;201111041752;201111041752;    3;  0.00;  -999;  -999;-999;eor
        723;201111041753;201111041753;    3;  0.00;  -999;  -999;-999;eor
        723;201111041754;201111041754;    3;  0.00;  -999;  -999;-999;eor
        723;201111041755;201111041755;    3;  0.00;  -999;  -999;-999;eor
        723;201111041756;201111041756;    3;  0.00;  -999;  -999;-999;eor
        723;201111041757;201111041757;    3;  0.00;  -999;  -999;-999;eor
        723;201111041758;201111041758;    3;  0.00;  -999;  -999;-999;eor
        723;201111041759;201111041759;    3;  0.00;  -999;  -999;-999;eor
        723;201111041800;201111041800;    3;  0.00;  -999;  -999;-999;eor
        723;201111041801;201111041801;    3;  0.00;  -999;  -999;-999;eor
        723;201111041802;201111041802;    3;  0.00;  -999;  -999;-999;eor
        723;201111041803;201111041803;    3;  0.00;  -999;  -999;-999;eor
        723;201111041804;201111041804;    3;  0.00;  -999;  -999;-999;eor
        723;201111041805;201111041805;    3;  0.00;  -999;  -999;-999;eor
        723;201111041806;201111041806;    3;  0.00;  -999;  -999;-999;eor
        723;201111041807;201111041807;    3;  0.00;  -999;  -999;-999;eor
        723;201111041808;201111041808;    3;  0.00;  -999;  -999;-999;eor
        723;201111041809;201111041809;    3;  0.00;  -999;  -999;-999;eor
        723;201111041810;201111041810;    3;  0.00;  -999;  -999;-999;eor
        723;201111041811;201111041811;    3;  0.00;  -999;  -999;-999;eor
        723;201111041812;201111041812;    3;  0.00;  -999;  -999;-999;eor
        723;201111041813;201111041813;    3;  0.00;  -999;  -999;-999;eor
        723;201111041814;201111041814;    3;  0.00;  -999;  -999;-999;eor
        723;201111041815;201111041815;    3;  0.00;  -999;  -999;-999;eor
        723;201111041816;201111041816;    3;  0.00;  -999;  -999;-999;eor
        723;201111041817;201111041817;    3;  0.00;  -999;  -999;-999;eor
        723;201111041818;201111041818;    3;  0.00;  -999;  -999;-999;eor
        723;201111041819;201111041819;    3;  0.00;  -999;  -999;-999;eor
        723;201111041820;201111041820;    3;  0.00;  -999;  -999;-999;eor
        723;201111041821;201111041821;    3;  0.00;  -999;  -999;-999;eor
        723;201111041822;201111041822;    3;  0.00;  -999;  -999;-999;eor
        723;201111041823;201111041823;    3;  0.00;  -999;  -999;-999;eor
        723;201111041824;201111041824;    3;  0.00;  -999;  -999;-999;eor
        723;201111041825;201111041825;    3;  0.00;  -999;  -999;-999;eor
        723;201111041826;201111041826;    3;  0.00;  -999;  -999;-999;eor
        723;201111041827;201111041827;    3;  0.00;  -999;  -999;-999;eor
        723;201111041828;201111041828;    3;  0.00;  -999;  -999;-999;eor
        723;201111041829;201111041829;    3;  0.00;  -999;  -999;-999;eor
        723;201111041830;201111041830;    3;  0.00;  -999;  -999;-999;eor
        723;201111041831;201111041831;    3;  0.00;  -999;  -999;-999;eor
        723;201111041832;201111041832;    3;  0.00;  -999;  -999;-999;eor
        723;201111041833;201111041833;    3;  0.00;  -999;  -999;-999;eor
        723;201111041834;201111041834;    3;  0.00;  -999;  -999;-999;eor
        723;201111041835;201111041835;    3;  0.00;  -999;  -999;-999;eor
        723;201111041836;201111041836;    3;  0.00;  -999;  -999;-999;eor
        723;201111041837;201111041837;    3;  0.00;  -999;  -999;-999;eor
        723;201111041838;201111041838;    3;  0.00;  -999;  -999;-999;eor
        723;201111041839;201111041839;    3;  0.00;  -999;  -999;-999;eor
        723;201111041840;201111041840;    3;  0.00;  -999;  -999;-999;eor
        723;201111041841;201111041841;    3;  0.00;  -999;  -999;-999;eor
        723;201111041842;201111041842;    3;  0.00;  -999;  -999;-999;eor
        723;201111041843;201111041843;    3;  0.00;  -999;  -999;-999;eor
        723;201111041844;201111041844;    3;  0.00;  -999;  -999;-999;eor
        723;201111041845;201111041845;    3;  0.00;  -999;  -999;-999;eor
        723;201111041846;201111041846;    3;  0.00;  -999;  -999;-999;eor
        723;201111041847;201111041847;    3;  0.03;  -999;  -999;-999;eor
        723;201111041848;201111041848;    3;  0.00;  -999;  -999;-999;eor
        723;201111041849;201111041849;    3;  0.00;  -999;  -999;-999;eor
        723;201111041850;201111041850;    3;  0.00;  -999;  -999;-999;eor
        723;201111041851;201111041851;    3;  0.00;  -999;  -999;-999;eor
        723;201111041852;201111041852;    3;  0.00;  -999;  -999;-999;eor
        723;201111041853;201111041853;    3;  0.00;  -999;  -999;-999;eor
        723;201111041854;201111041854;    3;  0.00;  -999;  -999;-999;eor
        723;201111041855;201111041855;    3;  0.00;  -999;  -999;-999;eor
        723;201111041856;201111041856;    3;  0.00;  -999;  -999;-999;eor
        723;201111041857;201111041857;    3;  0.00;  -999;  -999;-999;eor
        723;201111041858;201111041858;    3;  0.00;  -999;  -999;-999;eor
        723;201111041859;201111041859;    3;  0.00;  -999;  -999;-999;eor
        723;201111041900;201111041959;    3;  0.00;  -999;  -999;-999;eor
        723;201111042000;201111042000;    3;  0.00;  -999;  -999;-999;eor
        723;201111042001;201111042001;    3;  0.00;  -999;  -999;-999;eor
        723;201111042002;201111042002;    3;  0.00;  -999;  -999;-999;eor
        723;201111042003;201111042003;    3;  0.00;  -999;  -999;-999;eor
        723;201111042004;201111042004;    3;  0.00;  -999;  -999;-999;eor
        723;201111042005;201111042005;    3;  0.00;  -999;  -999;-999;eor
        723;201111042006;201111042006;    3;  0.04;  -999;  -999;-999;eor
        723;201111042007;201111042007;    3;  0.00;  -999;  -999;-999;eor
        723;201111042008;201111042008;    3;  0.00;  -999;  -999;-999;eor
        723;201111042009;201111042009;    3;  0.00;  -999;  -999;-999;eor
        723;201111042010;201111042010;    3;  0.00;  -999;  -999;-999;eor
        723;201111042011;201111042011;    3;  0.00;  -999;  -999;-999;eor
        723;201111042012;201111042012;    3;  0.00;  -999;  -999;-999;eor
        723;201111042013;201111042013;    3;  0.00;  -999;  -999;-999;eor
        723;201111042014;201111042014;    3;  0.00;  -999;  -999;-999;eor
        723;201111042015;201111042015;    3;  0.00;  -999;  -999;-999;eor
        723;201111042016;201111042016;    3;  0.03;  -999;  -999;-999;eor
        723;201111042017;201111042017;    3;  0.00;  -999;  -999;-999;eor
        723;201111042018;201111042018;    3;  0.00;  -999;  -999;-999;eor
        723;201111042019;201111042019;    3;  0.00;  -999;  -999;-999;eor
        723;201111042020;201111042020;    3;  0.00;  -999;  -999;-999;eor
        723;201111042021;201111042021;    3;  0.00;  -999;  -999;-999;eor
        723;201111042022;201111042022;    3;  0.00;  -999;  -999;-999;eor
        723;201111042023;201111042023;    3;  0.00;  -999;  -999;-999;eor
        723;201111042024;201111042024;    3;  0.00;  -999;  -999;-999;eor
        723;201111042025;201111042025;    3;  0.00;  -999;  -999;-999;eor
        723;201111042026;201111042026;    3;  0.00;  -999;  -999;-999;eor
        723;201111042027;201111042027;    3;  0.00;  -999;  -999;-999;eor
        723;201111042028;201111042028;    3;  0.00;  -999;  -999;-999;eor
        723;201111042029;201111042029;    3;  0.00;  -999;  -999;-999;eor
        723;201111042030;201111042030;    3;  0.00;  -999;  -999;-999;eor
        723;201111042031;201111042031;    3;  0.00;  -999;  -999;-999;eor
        723;201111042032;201111042032;    3;  0.00;  -999;  -999;-999;eor
        723;201111042033;201111042033;    3;  0.00;  -999;  -999;-999;eor
        723;201111042034;201111042034;    3;  0.03;  -999;  -999;-999;eor
        723;201111042035;201111042035;    3;  0.01;  -999;  -999;-999;eor
        723;201111042036;201111042036;    3;  0.00;  -999;  -999;-999;eor
        723;201111042037;201111042037;    3;  0.00;  -999;  -999;-999;eor
        723;201111042038;201111042038;    3;  0.00;  -999;  -999;-999;eor
        723;201111042039;201111042039;    3;  0.00;  -999;  -999;-999;eor
        723;201111042040;201111042040;    3;  0.00;  -999;  -999;-999;eor
        723;201111042041;201111042041;    3;  0.00;  -999;  -999;-999;eor
        723;201111042042;201111042042;    3;  0.00;  -999;  -999;-999;eor
        723;201111042043;201111042043;    3;  0.00;  -999;  -999;-999;eor
        723;201111042044;201111042044;    3;  0.00;  -999;  -999;-999;eor
        723;201111042045;201111042045;    3;  0.03;  -999;  -999;-999;eor
        723;201111042046;201111042046;    3;  0.00;  -999;  -999;-999;eor
        723;201111042047;201111042047;    3;  0.00;  -999;  -999;-999;eor
        723;201111042048;201111042048;    3;  0.00;  -999;  -999;-999;eor
        723;201111042049;201111042049;    3;  0.00;  -999;  -999;-999;eor
        723;201111042050;201111042050;    3;  0.00;  -999;  -999;-999;eor
        723;201111042051;201111042051;    3;  0.00;  -999;  -999;-999;eor
        723;201111042052;201111042052;    3;  0.00;  -999;  -999;-999;eor
        723;201111042053;201111042053;    3;  0.00;  -999;  -999;-999;eor
        723;201111042054;201111042054;    3;  0.00;  -999;  -999;-999;eor
        723;201111042055;201111042055;    3;  0.00;  -999;  -999;-999;eor
        723;201111042056;201111042056;    3;  0.00;  -999;  -999;-999;eor
        723;201111042057;201111042057;    3;  0.00;  -999;  -999;-999;eor
        723;201111042058;201111042058;    3;  0.00;  -999;  -999;-999;eor
        723;201111042059;201111042059;    3;  0.00;  -999;  -999;-999;eor
        723;201111042100;201111042159;    3;  0.00;  -999;  -999;-999;eor
        723;201111042200;201111042259;    3;  0.00;  -999;  -999;-999;eor
        723;201111042300;201111042359;    3;  0.00;  -999;  -999;-999;eor
        723;201111050000;201111052359;    3;  0.00;  -999;  -999;-999;eor
        723;201111060000;201111062359;    3;  0.00;  -999;  -999;-999;eor
        723;201111070000;201111072359;    3;  0.00;  -999;  -999;-999;eor
        723;201111080000;201111082359;    3;  0.00;  -999;  -999;-999;eor
        723;201111090000;201111092359;    3;  0.00;  -999;  -999;-999;eor
        723;201111100000;201111102359;    3;  0.00;  -999;  -999;-999;eor
        723;201111110000;201111112359;    3;  0.00;  -999;  -999;-999;eor
        723;201111120000;201111122359;    3;  0.00;  -999;  -999;-999;eor
        723;201111130000;201111132359;    3;  0.00;  -999;  -999;-999;eor
        723;201111140000;201111142359;    3;  0.00;  -999;  -999;-999;eor
        723;201111150000;201111152359;    3;  0.00;  -999;  -999;-999;eor
        723;201111160000;201111162359;    3;  0.00;  -999;  -999;-999;eor
        723;201111170000;201111172359;    3;  0.00;  -999;  -999;-999;eor
        723;201111180000;201111182359;    3;  0.00;  -999;  -999;-999;eor
        723;201111190000;201111192359;    3;  0.00;  -999;  -999;-999;eor
        723;201111200000;201111202359;    3;  0.00;  -999;  -999;-999;eor
        723;201111210000;201111212359;    3;  0.00;  -999;  -999;-999;eor
        723;201111220000;201111222359;    3;  0.00;  -999;  -999;-999;eor
        723;201111230000;201111232359;    3;  0.00;  -999;  -999;-999;eor
        723;201111240000;201111242359;    3;  0.00;  -999;  -999;-999;eor
        723;201111250000;201111252359;    3;  0.00;  -999;  -999;-999;eor
        723;201111260000;201111262359;    3;  0.00;  -999;  -999;-999;eor
        723;201111270000;201111270059;    3;  0.00;  -999;  -999;-999;eor
        723;201111270100;201111270159;    3;  0.00;  -999;  -999;-999;eor
        723;201111270200;201111270259;    3;  0.00;  -999;  -999;-999;eor
        723;201111270300;201111270359;    3;  0.00;  -999;  -999;-999;eor
        723;201111270400;201111270459;    3;  0.00;  -999;  -999;-999;eor
        723;201111270500;201111270559;    3;  0.00;  -999;  -999;-999;eor
        723;201111270600;201111270659;    3;  0.00;  -999;  -999;-999;eor
        723;201111270700;201111270759;    3;  0.00;  -999;  -999;-999;eor
        723;201111270800;201111270859;    3;  0.00;  -999;  -999;-999;eor
        723;201111270900;201111270959;    3;  0.00;  -999;  -999;-999;eor
        723;201111271000;201111271059;    3;  0.00;  -999;  -999;-999;eor
        723;201111271100;201111271159;    3;  0.00;  -999;  -999;-999;eor
        723;201111271200;201111271259;    3;  0.00;  -999;  -999;-999;eor
        723;201111271300;201111271300;    3;  0.00;  -999;  -999;-999;eor
        723;201111271301;201111271301;    3;  0.00;  -999;  -999;-999;eor
        723;201111271302;201111271302;    3;  0.00;  -999;  -999;-999;eor
        723;201111271303;201111271303;    3;  0.00;  -999;  -999;-999;eor
        723;201111271304;201111271304;    3;  0.00;  -999;  -999;-999;eor
        723;201111271305;201111271305;    3;  0.00;  -999;  -999;-999;eor
        723;201111271306;201111271306;    3;  0.00;  -999;  -999;-999;eor
        723;201111271307;201111271307;    3;  0.00;  -999;  -999;-999;eor
        723;201111271308;201111271308;    3;  0.00;  -999;  -999;-999;eor
        723;201111271309;201111271309;    3;  0.00;  -999;  -999;-999;eor
        723;201111271310;201111271310;    3;  0.00;  -999;  -999;-999;eor
        723;201111271311;201111271311;    3;  0.00;  -999;  -999;-999;eor
        723;201111271312;201111271312;    3;  0.00;  -999;  -999;-999;eor
        723;201111271313;201111271313;    3;  0.00;  -999;  -999;-999;eor
        723;201111271314;201111271314;    3;  0.00;  -999;  -999;-999;eor
        723;201111271315;201111271315;    3;  0.00;  -999;  -999;-999;eor
        723;201111271316;201111271316;    3;  0.00;  -999;  -999;-999;eor
        723;201111271317;201111271317;    3;  0.00;  -999;  -999;-999;eor
        723;201111271318;201111271318;    3;  0.00;  -999;  -999;-999;eor
        723;201111271319;201111271319;    3;  0.00;  -999;  -999;-999;eor
        723;201111271320;201111271320;    3;  0.00;  -999;  -999;-999;eor
        723;201111271321;201111271321;    3;  0.00;  -999;  -999;-999;eor
        723;201111271322;201111271322;    3;  0.00;  -999;  -999;-999;eor
        723;201111271323;201111271323;    3;  0.00;  -999;  -999;-999;eor
        723;201111271324;201111271324;    3;  0.00;  -999;  -999;-999;eor
        723;201111271325;201111271325;    3;  0.00;  -999;  -999;-999;eor
        723;201111271326;201111271326;    3;  0.00;  -999;  -999;-999;eor
        723;201111271327;201111271327;    3;  0.00;  -999;  -999;-999;eor
        723;201111271328;201111271328;    3;  0.00;  -999;  -999;-999;eor
        723;201111271329;201111271329;    3;  0.00;  -999;  -999;-999;eor
        723;201111271330;201111271330;    3;  0.00;  -999;  -999;-999;eor
        723;201111271331;201111271331;    3;  0.00;  -999;  -999;-999;eor
        723;201111271332;201111271332;    3;  0.00;  -999;  -999;-999;eor
        723;201111271333;201111271333;    3;  0.00;  -999;  -999;-999;eor
        723;201111271334;201111271334;    3;  0.00;  -999;  -999;-999;eor
        723;201111271335;201111271335;    3;  0.00;  -999;  -999;-999;eor
        723;201111271336;201111271336;    3;  0.00;  -999;  -999;-999;eor
        723;201111271337;201111271337;    3;  0.00;  -999;  -999;-999;eor
        723;201111271338;201111271338;    3;  0.00;  -999;  -999;-999;eor
        723;201111271339;201111271339;    3;  0.00;  -999;  -999;-999;eor
        723;201111271340;201111271340;    3;  0.00;  -999;  -999;-999;eor
        723;201111271341;201111271341;    3;  0.00;  -999;  -999;-999;eor
        723;201111271342;201111271342;    3;  0.00;  -999;  -999;-999;eor
        723;201111271343;201111271343;    3;  0.00;  -999;  -999;-999;eor
        723;201111271344;201111271344;    3;  0.00;  -999;  -999;-999;eor
        723;201111271345;201111271345;    3;  0.00;  -999;  -999;-999;eor
        723;201111271346;201111271346;    3;  0.00;  -999;  -999;-999;eor
        723;201111271347;201111271347;    3;  0.00;  -999;  -999;-999;eor
        723;201111271348;201111271348;    3;  0.00;  -999;  -999;-999;eor
        723;201111271349;201111271349;    3;  0.00;  -999;  -999;-999;eor
        723;201111271350;201111271350;    3;  0.00;  -999;  -999;-999;eor
        723;201111271351;201111271351;    3;  0.00;  -999;  -999;-999;eor
        723;201111271352;201111271352;    3;  0.00;  -999;  -999;-999;eor
        723;201111271353;201111271353;    3;  0.00;  -999;  -999;-999;eor
        723;201111271354;201111271354;    3;  0.00;  -999;  -999;-999;eor
        723;201111271355;201111271355;    3;  0.00;  -999;  -999;-999;eor
        723;201111271356;201111271356;    3;  0.00;  -999;  -999;-999;eor
        723;201111271357;201111271357;    3;  0.03;  -999;  -999;-999;eor
        723;201111271358;201111271358;    3;  0.00;  -999;  -999;-999;eor
        723;201111271359;201111271359;    3;  0.00;  -999;  -999;-999;eor
        723;201111271400;201111271400;    3;  0.00;  -999;  -999;-999;eor
        723;201111271401;201111271401;    3;  0.00;  -999;  -999;-999;eor
        723;201111271402;201111271402;    3;  0.00;  -999;  -999;-999;eor
        723;201111271403;201111271403;    3;  0.00;  -999;  -999;-999;eor
        723;201111271404;201111271404;    3;  0.00;  -999;  -999;-999;eor
        723;201111271405;201111271405;    3;  0.00;  -999;  -999;-999;eor
        723;201111271406;201111271406;    3;  0.00;  -999;  -999;-999;eor
        723;201111271407;201111271407;    3;  0.00;  -999;  -999;-999;eor
        723;201111271408;201111271408;    3;  0.00;  -999;  -999;-999;eor
        723;201111271409;201111271409;    3;  0.00;  -999;  -999;-999;eor
        723;201111271410;201111271410;    3;  0.00;  -999;  -999;-999;eor
        723;201111271411;201111271411;    3;  0.00;  -999;  -999;-999;eor
        723;201111271412;201111271412;    3;  0.00;  -999;  -999;-999;eor
        723;201111271413;201111271413;    3;  0.00;  -999;  -999;-999;eor
        723;201111271414;201111271414;    3;  0.00;  -999;  -999;-999;eor
        723;201111271415;201111271415;    3;  0.00;  -999;  -999;-999;eor
        723;201111271416;201111271416;    3;  0.00;  -999;  -999;-999;eor
        723;201111271417;201111271417;    3;  0.03;  -999;  -999;-999;eor
        723;201111271418;201111271418;    3;  0.00;  -999;  -999;-999;eor
        723;201111271419;201111271419;    3;  0.00;  -999;  -999;-999;eor
        723;201111271420;201111271420;    3;  0.00;  -999;  -999;-999;eor
        723;201111271421;201111271421;    3;  0.00;  -999;  -999;-999;eor
        723;201111271422;201111271422;    3;  0.00;  -999;  -999;-999;eor
        723;201111271423;201111271423;    3;  0.00;  -999;  -999;-999;eor
        723;201111271424;201111271424;    3;  0.00;  -999;  -999;-999;eor
        723;201111271425;201111271425;    3;  0.00;  -999;  -999;-999;eor
        723;201111271426;201111271426;    3;  0.00;  -999;  -999;-999;eor
        723;201111271427;201111271427;    3;  0.00;  -999;  -999;-999;eor
        723;201111271428;201111271428;    3;  0.03;  -999;  -999;-999;eor
        723;201111271429;201111271429;    3;  0.00;  -999;  -999;-999;eor
        723;201111271430;201111271430;    3;  0.00;  -999;  -999;-999;eor
        723;201111271431;201111271431;    3;  0.00;  -999;  -999;-999;eor
        723;201111271432;201111271432;    3;  0.00;  -999;  -999;-999;eor
        723;201111271433;201111271433;    3;  0.00;  -999;  -999;-999;eor
        723;201111271434;201111271434;    3;  0.00;  -999;  -999;-999;eor
        723;201111271435;201111271435;    3;  0.00;  -999;  -999;-999;eor
        723;201111271436;201111271436;    3;  0.00;  -999;  -999;-999;eor
        723;201111271437;201111271437;    3;  0.00;  -999;  -999;-999;eor
        723;201111271438;201111271438;    3;  0.00;  -999;  -999;-999;eor
        723;201111271439;201111271439;    3;  0.00;  -999;  -999;-999;eor
        723;201111271440;201111271440;    3;  0.00;  -999;  -999;-999;eor
        723;201111271441;201111271441;    3;  0.00;  -999;  -999;-999;eor
        723;201111271442;201111271442;    3;  0.03;  -999;  -999;-999;eor
        723;201111271443;201111271443;    3;  0.01;  -999;  -999;-999;eor
        723;201111271444;201111271444;    3;  0.00;  -999;  -999;-999;eor
        723;201111271445;201111271445;    3;  0.00;  -999;  -999;-999;eor
        723;201111271446;201111271446;    3;  0.00;  -999;  -999;-999;eor
        723;201111271447;201111271447;    3;  0.00;  -999;  -999;-999;eor
        723;201111271448;201111271448;    3;  0.00;  -999;  -999;-999;eor
        723;201111271449;201111271449;    3;  0.00;  -999;  -999;-999;eor
        723;201111271450;201111271450;    3;  0.00;  -999;  -999;-999;eor
        723;201111271451;201111271451;    3;  0.00;  -999;  -999;-999;eor
        723;201111271452;201111271452;    3;  0.00;  -999;  -999;-999;eor
        723;201111271453;201111271453;    3;  0.00;  -999;  -999;-999;eor
        723;201111271454;201111271454;    3;  0.00;  -999;  -999;-999;eor
        723;201111271455;201111271455;    3;  0.00;  -999;  -999;-999;eor
        723;201111271456;201111271456;    3;  0.00;  -999;  -999;-999;eor
        723;201111271457;201111271457;    3;  0.03;  -999;  -999;-999;eor
        723;201111271458;201111271458;    3;  0.00;  -999;  -999;-999;eor
        723;201111271459;201111271459;    3;  0.00;  -999;  -999;-999;eor
        723;201111271500;201111271500;    3;  0.00;  -999;  -999;-999;eor
        723;201111271501;201111271501;    3;  0.00;  -999;  -999;-999;eor
        723;201111271502;201111271502;    3;  0.00;  -999;  -999;-999;eor
        723;201111271503;201111271503;    3;  0.00;  -999;  -999;-999;eor
        723;201111271504;201111271504;    3;  0.03;  -999;  -999;-999;eor
        723;201111271505;201111271505;    3;  0.01;  -999;  -999;-999;eor
        723;201111271506;201111271506;    3;  0.00;  -999;  -999;-999;eor
        723;201111271507;201111271507;    3;  0.00;  -999;  -999;-999;eor
        723;201111271508;201111271508;    3;  0.00;  -999;  -999;-999;eor
        723;201111271509;201111271509;    3;  0.00;  -999;  -999;-999;eor
        723;201111271510;201111271510;    3;  0.00;  -999;  -999;-999;eor
        723;201111271511;201111271511;    3;  0.00;  -999;  -999;-999;eor
        723;201111271512;201111271512;    3;  0.00;  -999;  -999;-999;eor
        723;201111271513;201111271513;    3;  0.03;  -999;  -999;-999;eor
        723;201111271514;201111271514;    3;  0.00;  -999;  -999;-999;eor
        723;201111271515;201111271515;    3;  0.00;  -999;  -999;-999;eor
        723;201111271516;201111271516;    3;  0.00;  -999;  -999;-999;eor
        723;201111271517;201111271517;    3;  0.00;  -999;  -999;-999;eor
        723;201111271518;201111271518;    3;  0.00;  -999;  -999;-999;eor
        723;201111271519;201111271519;    3;  0.00;  -999;  -999;-999;eor
        723;201111271520;201111271520;    3;  0.00;  -999;  -999;-999;eor
        723;201111271521;201111271521;    3;  0.04;  -999;  -999;-999;eor
        723;201111271522;201111271522;    3;  0.00;  -999;  -999;-999;eor
        723;201111271523;201111271523;    3;  0.00;  -999;  -999;-999;eor
        723;201111271524;201111271524;    3;  0.00;  -999;  -999;-999;eor
        723;201111271525;201111271525;    3;  0.00;  -999;  -999;-999;eor
        723;201111271526;201111271526;    3;  0.00;  -999;  -999;-999;eor
        723;201111271527;201111271527;    3;  0.00;  -999;  -999;-999;eor
        723;201111271528;201111271528;    3;  0.00;  -999;  -999;-999;eor
        723;201111271529;201111271529;    3;  0.00;  -999;  -999;-999;eor
        723;201111271530;201111271530;    3;  0.00;  -999;  -999;-999;eor
        723;201111271531;201111271531;    3;  0.00;  -999;  -999;-999;eor
        723;201111271532;201111271532;    3;  0.00;  -999;  -999;-999;eor
        723;201111271533;201111271533;    3;  0.00;  -999;  -999;-999;eor
        723;201111271534;201111271534;    3;  0.00;  -999;  -999;-999;eor
        723;201111271535;201111271535;    3;  0.00;  -999;  -999;-999;eor
        723;201111271536;201111271536;    3;  0.00;  -999;  -999;-999;eor
        723;201111271537;201111271537;    3;  0.00;  -999;  -999;-999;eor
        723;201111271538;201111271538;    3;  0.00;  -999;  -999;-999;eor
        723;201111271539;201111271539;    3;  0.00;  -999;  -999;-999;eor
        723;201111271540;201111271540;    3;  0.00;  -999;  -999;-999;eor
        723;201111271541;201111271541;    3;  0.00;  -999;  -999;-999;eor
        723;201111271542;201111271542;    3;  0.00;  -999;  -999;-999;eor
        723;201111271543;201111271543;    3;  0.00;  -999;  -999;-999;eor
        723;201111271544;201111271544;    3;  0.00;  -999;  -999;-999;eor
        723;201111271545;201111271545;    3;  0.00;  -999;  -999;-999;eor
        723;201111271546;201111271546;    3;  0.00;  -999;  -999;-999;eor
        723;201111271547;201111271547;    3;  0.00;  -999;  -999;-999;eor
        723;201111271548;201111271548;    3;  0.00;  -999;  -999;-999;eor
        723;201111271549;201111271549;    3;  0.00;  -999;  -999;-999;eor
        723;201111271550;201111271550;    3;  0.00;  -999;  -999;-999;eor
        723;201111271551;201111271551;    3;  0.00;  -999;  -999;-999;eor
        723;201111271552;201111271552;    3;  0.00;  -999;  -999;-999;eor
        723;201111271553;201111271553;    3;  0.00;  -999;  -999;-999;eor
        723;201111271554;201111271554;    3;  0.00;  -999;  -999;-999;eor
        723;201111271555;201111271555;    3;  0.00;  -999;  -999;-999;eor
        723;201111271556;201111271556;    3;  0.00;  -999;  -999;-999;eor
        723;201111271557;201111271557;    3;  0.00;  -999;  -999;-999;eor
        723;201111271558;201111271558;    3;  0.00;  -999;  -999;-999;eor
        723;201111271559;201111271559;    3;  0.00;  -999;  -999;-999;eor
        723;201111271600;201111271659;    3;  0.00;  -999;  -999;-999;eor
        723;201111271700;201111271759;    3;  0.00;  -999;  -999;-999;eor
        723;201111271800;201111271859;    3;  0.00;  -999;  -999;-999;eor
        723;201111271900;201111271959;    3;  0.00;  -999;  -999;-999;eor
        723;201111272000;201111272059;    3;  0.00;  -999;  -999;-999;eor
        723;201111272100;201111272159;    3;  0.00;  -999;  -999;-999;eor
        723;201111272200;201111272259;    3;  0.00;  -999;  -999;-999;eor
        723;201111272300;201111272359;    3;  0.00;  -999;  -999;-999;eor
        723;201111280000;201111282359;    3;  0.00;  -999;  -999;-999;eor
        723;201111290000;201111290059;    3;  0.00;  -999;  -999;-999;eor
        723;201111290100;201111290159;    3;  0.00;  -999;  -999;-999;eor
        723;201111290200;201111290259;    3;  0.00;  -999;  -999;-999;eor
        723;201111290300;201111290359;    3;  0.00;  -999;  -999;-999;eor
        723;201111290400;201111290459;    3;  0.00;  -999;  -999;-999;eor
        723;201111290500;201111290559;    3;  0.00;  -999;  -999;-999;eor
        723;201111290600;201111290659;    3;  0.00;  -999;  -999;-999;eor
        723;201111290700;201111290759;    3;  0.00;  -999;  -999;-999;eor
        723;201111290800;201111290859;    3;  0.00;  -999;  -999;-999;eor
        723;201111290900;201111290959;    3;  0.00;  -999;  -999;-999;eor
        723;201111291000;201111291059;    3;  0.00;  -999;  -999;-999;eor
        723;201111291100;201111291159;    3;  0.00;  -999;  -999;-999;eor
        723;201111291200;201111291259;    3;  0.00;  -999;  -999;-999;eor
        723;201111291300;201111291359;    3;  0.00;  -999;  -999;-999;eor
        723;201111291400;201111291459;    3;  0.00;  -999;  -999;-999;eor
        723;201111291500;201111291559;    3;  0.00;  -999;  -999;-999;eor
        723;201111291600;201111291659;    3;  0.00;  -999;  -999;-999;eor
        723;201111291700;201111291759;    3;  0.00;  -999;  -999;-999;eor
        723;201111291800;201111291859;    3;  0.00;  -999;  -999;-999;eor
        723;201111291900;201111291959;    3;  0.00;  -999;  -999;-999;eor
        723;201111292000;201111292059;    3;  0.00;  -999;  -999;-999;eor
        723;201111292100;201111292159;    3;  0.00;  -999;  -999;-999;eor
        723;201111292200;201111292259;    3;  0.00;  -999;  -999;-999;eor
        723;201111292300;201111292300;    3;  0.00;  -999;  -999;-999;eor
        723;201111292301;201111292301;    3;  0.00;  -999;  -999;-999;eor
        723;201111292302;201111292302;    3;  0.00;  -999;  -999;-999;eor
        723;201111292303;201111292303;    3;  0.00;  -999;  -999;-999;eor
        723;201111292304;201111292304;    3;  0.00;  -999;  -999;-999;eor
        723;201111292305;201111292305;    3;  0.00;  -999;  -999;-999;eor
        723;201111292306;201111292306;    3;  0.00;  -999;  -999;-999;eor
        723;201111292307;201111292307;    3;  0.00;  -999;  -999;-999;eor
        723;201111292308;201111292308;    3;  0.00;  -999;  -999;-999;eor
        723;201111292309;201111292309;    3;  0.00;  -999;  -999;-999;eor
        723;201111292310;201111292310;    3;  0.00;  -999;  -999;-999;eor
        723;201111292311;201111292311;    3;  0.00;  -999;  -999;-999;eor
        723;201111292312;201111292312;    3;  0.00;  -999;  -999;-999;eor
        723;201111292313;201111292313;    3;  0.00;  -999;  -999;-999;eor
        723;201111292314;201111292314;    3;  0.00;  -999;  -999;-999;eor
        723;201111292315;201111292315;    3;  0.00;  -999;  -999;-999;eor
        723;201111292316;201111292316;    3;  0.00;  -999;  -999;-999;eor
        723;201111292317;201111292317;    3;  0.00;  -999;  -999;-999;eor
        723;201111292318;201111292318;    3;  0.00;  -999;  -999;-999;eor
        723;201111292319;201111292319;    3;  0.00;  -999;  -999;-999;eor
        723;201111292320;201111292320;    3;  0.00;  -999;  -999;-999;eor
        723;201111292321;201111292321;    3;  0.00;  -999;  -999;-999;eor
        723;201111292322;201111292322;    3;  0.00;  -999;  -999;-999;eor
        723;201111292323;201111292323;    3;  0.00;  -999;  -999;-999;eor
        723;201111292324;201111292324;    3;  0.00;  -999;  -999;-999;eor
        723;201111292325;201111292325;    3;  0.00;  -999;  -999;-999;eor
        723;201111292326;201111292326;    3;  0.00;  -999;  -999;-999;eor
        723;201111292327;201111292327;    3;  0.00;  -999;  -999;-999;eor
        723;201111292328;201111292328;    3;  0.00;  -999;  -999;-999;eor
        723;201111292329;201111292329;    3;  0.00;  -999;  -999;-999;eor
        723;201111292330;201111292330;    3;  0.00;  -999;  -999;-999;eor
        723;201111292331;201111292331;    3;  0.00;  -999;  -999;-999;eor
        723;201111292332;201111292332;    3;  0.00;  -999;  -999;-999;eor
        723;201111292333;201111292333;    3;  0.00;  -999;  -999;-999;eor
        723;201111292334;201111292334;    3;  0.00;  -999;  -999;-999;eor
        723;201111292335;201111292335;    3;  0.00;  -999;  -999;-999;eor
        723;201111292336;201111292336;    3;  0.00;  -999;  -999;-999;eor
        723;201111292337;201111292337;    3;  0.00;  -999;  -999;-999;eor
        723;201111292338;201111292338;    3;  0.00;  -999;  -999;-999;eor
        723;201111292339;201111292339;    3;  0.00;  -999;  -999;-999;eor
        723;201111292340;201111292340;    3;  0.00;  -999;  -999;-999;eor
        723;201111292341;201111292341;    3;  0.00;  -999;  -999;-999;eor
        723;201111292342;201111292342;    3;  0.00;  -999;  -999;-999;eor
        723;201111292343;201111292343;    3;  0.03;  -999;  -999;-999;eor
        723;201111292344;201111292344;    3;  0.00;  -999;  -999;-999;eor
        723;201111292345;201111292345;    3;  0.00;  -999;  -999;-999;eor
        723;201111292346;201111292346;    3;  0.00;  -999;  -999;-999;eor
        723;201111292347;201111292347;    3;  0.00;  -999;  -999;-999;eor
        723;201111292348;201111292348;    3;  0.00;  -999;  -999;-999;eor
        723;201111292349;201111292349;    3;  0.00;  -999;  -999;-999;eor
        723;201111292350;201111292350;    3;  0.00;  -999;  -999;-999;eor
        723;201111292351;201111292351;    3;  0.00;  -999;  -999;-999;eor
        723;201111292352;201111292352;    3;  0.00;  -999;  -999;-999;eor
        723;201111292353;201111292353;    3;  0.00;  -999;  -999;-999;eor
        723;201111292354;201111292354;    3;  0.00;  -999;  -999;-999;eor
        723;201111292355;201111292355;    3;  0.00;  -999;  -999;-999;eor
        723;201111292356;201111292356;    3;  0.00;  -999;  -999;-999;eor
        723;201111292357;201111292357;    3;  0.00;  -999;  -999;-999;eor
        723;201111292358;201111292358;    3;  0.00;  -999;  -999;-999;eor
        723;201111292359;201111292359;    3;  0.00;  -999;  -999;-999;eor
        723;201111300000;201111300059;    3;  0.00;  -999;  -999;-999;eor
        723;201111300100;201111300100;    3;  0.00;  -999;  -999;-999;eor
        723;201111300101;201111300101;    3;  0.00;  -999;  -999;-999;eor
        723;201111300102;201111300102;    3;  0.00;  -999;  -999;-999;eor
        723;201111300103;201111300103;    3;  0.00;  -999;  -999;-999;eor
        723;201111300104;201111300104;    3;  0.00;  -999;  -999;-999;eor
        723;201111300105;201111300105;    3;  0.00;  -999;  -999;-999;eor
        723;201111300106;201111300106;    3;  0.00;  -999;  -999;-999;eor
        723;201111300107;201111300107;    3;  0.00;  -999;  -999;-999;eor
        723;201111300108;201111300108;    3;  0.00;  -999;  -999;-999;eor
        723;201111300109;201111300109;    3;  0.00;  -999;  -999;-999;eor
        723;201111300110;201111300110;    3;  0.00;  -999;  -999;-999;eor
        723;201111300111;201111300111;    3;  0.00;  -999;  -999;-999;eor
        723;201111300112;201111300112;    3;  0.00;  -999;  -999;-999;eor
        723;201111300113;201111300113;    3;  0.00;  -999;  -999;-999;eor
        723;201111300114;201111300114;    3;  0.00;  -999;  -999;-999;eor
        723;201111300115;201111300115;    3;  0.00;  -999;  -999;-999;eor
        723;201111300116;201111300116;    3;  0.00;  -999;  -999;-999;eor
        723;201111300117;201111300117;    3;  0.00;  -999;  -999;-999;eor
        723;201111300118;201111300118;    3;  0.00;  -999;  -999;-999;eor
        723;201111300119;201111300119;    3;  0.00;  -999;  -999;-999;eor
        723;201111300120;201111300120;    3;  0.00;  -999;  -999;-999;eor
        723;201111300121;201111300121;    3;  0.00;  -999;  -999;-999;eor
        723;201111300122;201111300122;    3;  0.00;  -999;  -999;-999;eor
        723;201111300123;201111300123;    3;  0.00;  -999;  -999;-999;eor
        723;201111300124;201111300124;    3;  0.00;  -999;  -999;-999;eor
        723;201111300125;201111300125;    3;  0.00;  -999;  -999;-999;eor
        723;201111300126;201111300126;    3;  0.00;  -999;  -999;-999;eor
        723;201111300127;201111300127;    3;  0.00;  -999;  -999;-999;eor
        723;201111300128;201111300128;    3;  0.00;  -999;  -999;-999;eor
        723;201111300129;201111300129;    3;  0.00;  -999;  -999;-999;eor
        723;201111300130;201111300130;    3;  0.00;  -999;  -999;-999;eor
        723;201111300131;201111300131;    3;  0.00;  -999;  -999;-999;eor
        723;201111300132;201111300132;    3;  0.00;  -999;  -999;-999;eor
        723;201111300133;201111300133;    3;  0.00;  -999;  -999;-999;eor
        723;201111300134;201111300134;    3;  0.00;  -999;  -999;-999;eor
        723;201111300135;201111300135;    3;  0.00;  -999;  -999;-999;eor
        723;201111300136;201111300136;    3;  0.00;  -999;  -999;-999;eor
        723;201111300137;201111300137;    3;  0.00;  -999;  -999;-999;eor
        723;201111300138;201111300138;    3;  0.00;  -999;  -999;-999;eor
        723;201111300139;201111300139;    3;  0.00;  -999;  -999;-999;eor
        723;201111300140;201111300140;    3;  0.00;  -999;  -999;-999;eor
        723;201111300141;201111300141;    3;  0.00;  -999;  -999;-999;eor
        723;201111300142;201111300142;    3;  0.00;  -999;  -999;-999;eor
        723;201111300143;201111300143;    3;  0.00;  -999;  -999;-999;eor
        723;201111300144;201111300144;    3;  0.00;  -999;  -999;-999;eor
        723;201111300145;201111300145;    3;  0.00;  -999;  -999;-999;eor
        723;201111300146;201111300146;    3;  0.00;  -999;  -999;-999;eor
        723;201111300147;201111300147;    3;  0.00;  -999;  -999;-999;eor
        723;201111300148;201111300148;    3;  0.00;  -999;  -999;-999;eor
        723;201111300149;201111300149;    3;  0.00;  -999;  -999;-999;eor
        723;201111300150;201111300150;    3;  0.00;  -999;  -999;-999;eor
        723;201111300151;201111300151;    3;  0.00;  -999;  -999;-999;eor
        723;201111300152;201111300152;    3;  0.00;  -999;  -999;-999;eor
        723;201111300153;201111300153;    3;  0.03;  -999;  -999;-999;eor
        723;201111300154;201111300154;    3;  0.01;  -999;  -999;-999;eor
        723;201111300155;201111300155;    3;  0.00;  -999;  -999;-999;eor
        723;201111300156;201111300156;    3;  0.00;  -999;  -999;-999;eor
        723;201111300157;201111300157;    3;  0.00;  -999;  -999;-999;eor
        723;201111300158;201111300158;    3;  0.00;  -999;  -999;-999;eor
        723;201111300159;201111300159;    3;  0.00;  -999;  -999;-999;eor
        723;201111300200;201111300200;    3;  0.00;  -999;  -999;-999;eor
        723;201111300201;201111300201;    3;  0.00;  -999;  -999;-999;eor
        723;201111300202;201111300202;    3;  0.03;  -999;  -999;-999;eor
        723;201111300203;201111300203;    3;  0.00;  -999;  -999;-999;eor
        723;201111300204;201111300204;    3;  0.00;  -999;  -999;-999;eor
        723;201111300205;201111300205;    3;  0.00;  -999;  -999;-999;eor
        723;201111300206;201111300206;    3;  0.00;  -999;  -999;-999;eor
        723;201111300207;201111300207;    3;  0.00;  -999;  -999;-999;eor
        723;201111300208;201111300208;    3;  0.00;  -999;  -999;-999;eor
        723;201111300209;201111300209;    3;  0.00;  -999;  -999;-999;eor
        723;201111300210;201111300210;    3;  0.00;  -999;  -999;-999;eor
        723;201111300211;201111300211;    3;  0.00;  -999;  -999;-999;eor
        723;201111300212;201111300212;    3;  0.00;  -999;  -999;-999;eor
        723;201111300213;201111300213;    3;  0.00;  -999;  -999;-999;eor
        723;201111300214;201111300214;    3;  0.00;  -999;  -999;-999;eor
        723;201111300215;201111300215;    3;  0.00;  -999;  -999;-999;eor
        723;201111300216;201111300216;    3;  0.00;  -999;  -999;-999;eor
        723;201111300217;201111300217;    3;  0.00;  -999;  -999;-999;eor
        723;201111300218;201111300218;    3;  0.00;  -999;  -999;-999;eor
        723;201111300219;201111300219;    3;  0.00;  -999;  -999;-999;eor
        723;201111300220;201111300220;    3;  0.00;  -999;  -999;-999;eor
        723;201111300221;201111300221;    3;  0.00;  -999;  -999;-999;eor
        723;201111300222;201111300222;    3;  0.00;  -999;  -999;-999;eor
        723;201111300223;201111300223;    3;  0.00;  -999;  -999;-999;eor
        723;201111300224;201111300224;    3;  0.00;  -999;  -999;-999;eor
        723;201111300225;201111300225;    3;  0.00;  -999;  -999;-999;eor
        723;201111300226;201111300226;    3;  0.00;  -999;  -999;-999;eor
        723;201111300227;201111300227;    3;  0.00;  -999;  -999;-999;eor
        723;201111300228;201111300228;    3;  0.00;  -999;  -999;-999;eor
        723;201111300229;201111300229;    3;  0.00;  -999;  -999;-999;eor
        723;201111300230;201111300230;    3;  0.00;  -999;  -999;-999;eor
        723;201111300231;201111300231;    3;  0.00;  -999;  -999;-999;eor
        723;201111300232;201111300232;    3;  0.00;  -999;  -999;-999;eor
        723;201111300233;201111300233;    3;  0.00;  -999;  -999;-999;eor
        723;201111300234;201111300234;    3;  0.00;  -999;  -999;-999;eor
        723;201111300235;201111300235;    3;  0.00;  -999;  -999;-999;eor
        723;201111300236;201111300236;    3;  0.00;  -999;  -999;-999;eor
        723;201111300237;201111300237;    3;  0.00;  -999;  -999;-999;eor
        723;201111300238;201111300238;    3;  0.00;  -999;  -999;-999;eor
        723;201111300239;201111300239;    3;  0.00;  -999;  -999;-999;eor
        723;201111300240;201111300240;    3;  0.00;  -999;  -999;-999;eor
        723;201111300241;201111300241;    3;  0.00;  -999;  -999;-999;eor
        723;201111300242;201111300242;    3;  0.00;  -999;  -999;-999;eor
        723;201111300243;201111300243;    3;  0.00;  -999;  -999;-999;eor
        723;201111300244;201111300244;    3;  0.00;  -999;  -999;-999;eor
        723;201111300245;201111300245;    3;  0.00;  -999;  -999;-999;eor
        723;201111300246;201111300246;    3;  0.00;  -999;  -999;-999;eor
        723;201111300247;201111300247;    3;  0.00;  -999;  -999;-999;eor
        723;201111300248;201111300248;    3;  0.00;  -999;  -999;-999;eor
        723;201111300249;201111300249;    3;  0.00;  -999;  -999;-999;eor
        723;201111300250;201111300250;    3;  0.00;  -999;  -999;-999;eor
        723;201111300251;201111300251;    3;  0.00;  -999;  -999;-999;eor
        723;201111300252;201111300252;    3;  0.00;  -999;  -999;-999;eor
        723;201111300253;201111300253;    3;  0.00;  -999;  -999;-999;eor
        723;201111300254;201111300254;    3;  0.00;  -999;  -999;-999;eor
        723;201111300255;201111300255;    3;  0.00;  -999;  -999;-999;eor
        723;201111300256;201111300256;    3;  0.00;  -999;  -999;-999;eor
        723;201111300257;201111300257;    3;  0.00;  -999;  -999;-999;eor
        723;201111300258;201111300258;    3;  0.00;  -999;  -999;-999;eor
        723;201111300259;201111300259;    3;  0.00;  -999;  -999;-999;eor
        723;201111300300;201111300359;    3;  0.00;  -999;  -999;-999;eor
        723;201111300400;201111300459;    3;  0.00;  -999;  -999;-999;eor
        723;201111300500;201111300559;    3;  0.00;  -999;  -999;-999;eor
        723;201111300600;201111300659;    3;  0.00;  -999;  -999;-999;eor
        723;201111300700;201111300759;    3;  0.00;  -999;  -999;-999;eor
        723;201111300800;201111300859;    3;  0.00;  -999;  -999;-999;eor
        723;201111300900;201111300959;    3;  0.00;  -999;  -999;-999;eor
        723;201111301000;201111301059;    3;  0.00;  -999;  -999;-999;eor
        723;201111301100;201111301159;    3;  0.00;  -999;  -999;-999;eor
        723;201111301200;201111301259;    3;  0.00;  -999;  -999;-999;eor
        723;201111301300;201111301359;    3;  0.00;  -999;  -999;-999;eor
        723;201111301400;201111301459;    3;  0.00;  -999;  -999;-999;eor
        723;201111301500;201111301559;    3;  0.00;  -999;  -999;-999;eor
        723;201111301600;201111301659;    3;  0.00;  -999;  -999;-999;eor
        723;201111301700;201111301759;    3;  0.00;  -999;  -999;-999;eor
        723;201111301800;201111301859;    3;  0.00;  -999;  -999;-999;eor
        723;201111301900;201111301959;    3;  0.00;  -999;  -999;-999;eor
        723;201111302000;201111302059;    3;  0.00;  -999;  -999;-999;eor
        723;201111302100;201111302159;    3;  0.00;  -999;  -999;-999;eor
        723;201111302200;201111302259;    3;  0.00;  -999;  -999;-999;eor
        723;201111302300;201111302359;    3;  0.00;  -999;  -999;-999;eor
