STATIONS_ID;MESS_DATUM_BEGINN;MESS_DATUM_ENDE;QN;RS_01;RTH_01;RWH_01;RS_IND_01;eor
       3155;201111010000;201111010059;    3;  0.00;  -999;  -999;-999;eor
       3155;201111010100;201111010159;    3;  0.00;  -999;  -999;-999;eor
       3155;201111010200;201111010259;    3;  0.00;  -999;  -999;-999;eor
       3155;201111010300;201111010359;    3;  0.00;  -999;  -999;-999;eor
       3155;201111010400;201111010459;    3;  0.00;  -999;  -999;-999;eor
       3155;201111010500;201111010559;    3;  0.00;  -999;  -999;-999;eor
       3155;201111010600;201111010659;    3;  0.00;  -999;  -999;-999;eor
       3155;201111010700;201111010759;    3;  0.00;  -999;  -999;-999;eor
       3155;201111010800;201111010859;    3;  0.00;  -999;  -999;-999;eor
       3155;201111010900;201111010959;    3;  0.00;  -999;  -999;-999;eor
       3155;201111011000;201111011059;    3;  0.00;  -999;  -999;-999;eor
       3155;201111011100;201111011159;    3;  0.00;  -999;  -999;-999;eor
       3155;201111011200;201111011259;    3;  0.00;  -999;  -999;-999;eor
       3155;201111011300;201111011359;    3;  0.00;  -999;  -999;-999;eor
       3155;201111011400;201111011459;    3;  0.00;  -999;  -999;-999;eor
       3155;201111011500;201111011559;    3;  0.00;  -999;  -999;-999;eor
       3155;201111011600;201111011659;    3;  0.00;  -999;  -999;-999;eor
       3155;201111011700;201111011759;    3;  0.00;  -999;  -999;-999;eor
       3155;201111011800;201111011859;    3;  0.00;  -999;  -999;-999;eor
       3155;201111011900;201111011959;    3;  0.00;  -999;  -999;-999;eor
       3155;201111012000;201111012059;    3;  0.00;  -999;  -999;-999;eor
       3155;201111012100;201111012159;    3;  0.00;  -999;  -999;-999;eor
       3155;201111012200;201111012259;    3;  0.00;  -999;  -999;-999;eor
       3155;201111012300;201111012300;    3;  0.00;  -999;  -999;-999;eor
       3155;201111012301;201111012301;    3;  0.00;  -999;  -999;-999;eor
       3155;201111012302;201111012302;    3;  0.00;  -999;  -999;-999;eor
       3155;201111012303;201111012303;    3;  0.00;  -999;  -999;-999;eor
       3155;201111012304;201111012304;    3;  0.00;  -999;  -999;-999;eor
       3155;201111012305;201111012305;    3;  0.00;  -999;  -999;-999;eor
       3155;201111012306;201111012306;    3;  0.00;  -999;  -999;-999;eor
       3155;201111012307;201111012307;    3;  0.00;  -999;  -999;-999;eor
       3155;201111012308;201111012308;    3;  0.00;  -999;  -999;-999;eor
       3155;201111012309;201111012309;    3;  0.00;  -999;  -999;-999;eor
       3155;201111012310;201111012310;    3;  0.00;  -999;  -999;-999;eor
       3155;201111012311;201111012311;    3;  0.00;  -999;  -999;-999;eor
       3155;201111012312;201111012312;    3;  0.00;  -999;  -999;-999;eor
       3155;201111012313;201111012313;    3;  0.00;  -999;  -999;-999;eor
       3155;201111012314;201111012314;    3;  0.00;  -999;  -999;-999;eor
       3155;201111012315;201111012315;    3;  0.00;  -999;  -999;-999;eor
       3155;201111012316;201111012316;    3;  0.00;  -999;  -999;-999;eor
       3155;201111012317;201111012317;    3;  0.00;  -999;  -999;-999;eor
       3155;201111012318;201111012318;    3;  0.00;  -999;  -999;-999;eor
       3155;201111012319;201111012319;    3;  0.00;  -999;  -999;-999;eor
       3155;201111012320;201111012320;    3;  0.00;  -999;  -999;-999;eor
       3155;201111012321;201111012321;    3;  0.00;  -999;  -999;-999;eor
       3155;201111012322;201111012322;    3;  0.00;  -999;  -999;-999;eor
       3155;201111012323;201111012323;    3;  0.00;  -999;  -999;-999;eor
       3155;201111012324;201111012324;    3;  0.00;  -999;  -999;-999;eor
       3155;201111012325;201111012325;    3;  0.00;  -999;  -999;-999;eor
       3155;201111012326;201111012326;    3;  0.00;  -999;  -999;-999;eor
       3155;201111012327;201111012327;    3;  0.00;  -999;  -999;-999;eor
       3155;201111012328;201111012328;    3;  0.00;  -999;  -999;-999;eor
       3155;201111012329;201111012329;    3;  0.00;  -999;  -999;-999;eor
       3155;201111012330;201111012330;    3;  0.00;  -999;  -999;-999;eor
       3155;201111012331;201111012331;    3;  0.00;  -999;  -999;-999;eor
       3155;201111012332;201111012332;    3;  0.00;  -999;  -999;-999;eor
       3155;201111012333;201111012333;    3;  0.00;  -999;  -999;-999;eor
       3155;201111012334;201111012334;    3;  0.00;  -999;  -999;-999;eor
       3155;201111012335;201111012335;    3;  0.00;  -999;  -999;-999;eor
       3155;201111012336;201111012336;    3;  0.00;  -999;  -999;-999;eor
       3155;201111012337;201111012337;    3;  0.00;  -999;  -999;-999;eor
       3155;201111012338;201111012338;    3;  0.00;  -999;  -999;-999;eor
       3155;201111012339;201111012339;    3;  0.00;  -999;  -999;-999;eor
       3155;201111012340;201111012340;    3;  0.00;  -999;  -999;-999;eor
       3155;201111012341;201111012341;    3;  0.04;  -999;  -999;-999;eor
       3155;201111012342;201111012342;    3;  0.00;  -999;  -999;-999;eor
       3155;201111012343;201111012343;    3;  0.00;  -999;  -999;-999;eor
       3155;201111012344;201111012344;    3;  0.00;  -999;  -999;-999;eor
       3155;201111012345;201111012345;    3;  0.00;  -999;  -999;-999;eor
       3155;201111012346;201111012346;    3;  0.00;  -999;  -999;-999;eor
       3155;201111012347;201111012347;    3;  0.00;  -999;  -999;-999;eor
       3155;201111012348;201111012348;    3;  0.00;  -999;  -999;-999;eor
       3155;201111012349;201111012349;    3;  0.00;  -999;  -999;-999;eor
       3155;201111012350;201111012350;    3;  0.00;  -999;  -999;-999;eor
       3155;201111012351;201111012351;    3;  0.00;  -999;  -999;-999;eor
       3155;201111012352;201111012352;    3;  0.00;  -999;  -999;-999;eor
       3155;201111012353;201111012353;    3;  0.00;  -999;  -999;-999;eor
       3155;201111012354;201111012354;    3;  0.00;  -999;  -999;-999;eor
       3155;201111012355;201111012355;    3;  0.00;  -999;  -999;-999;eor
       3155;201111012356;201111012356;    3;  0.00;  -999;  -999;-999;eor
       3155;201111012357;201111012357;    3;  0.00;  -999;  -999;-999;eor
       3155;201111012358;201111012358;    3;  0.00;  -999;  -999;-999;eor
       3155;201111012359;201111012359;    3;  0.00;  -999;  -999;-999;eor
       3155;201111020000;201111020000;    3;  0.00;  -999;  -999;-999;eor
       3155;201111020001;201111020001;    3;  0.00;  -999;  -999;-999;eor
       3155;201111020002;201111020002;    3;  0.00;  -999;  -999;-999;eor
       3155;201111020003;201111020003;    3;  0.00;  -999;  -999;-999;eor
       3155;201111020004;201111020004;    3;  0.00;  -999;  -999;-999;eor
       3155;201111020005;201111020005;    3;  0.03;  -999;  -999;-999;eor
       3155;201111020006;201111020006;    3;  0.01;  -999;  -999;-999;eor
       3155;201111020007;201111020007;    3;  0.00;  -999;  -999;-999;eor
       3155;201111020008;201111020008;    3;  0.00;  -999;  -999;-999;eor
       3155;201111020009;201111020009;    3;  0.00;  -999;  -999;-999;eor
       3155;201111020010;201111020010;    3;  0.00;  -999;  -999;-999;eor
       3155;201111020011;201111020011;    3;  0.00;  -999;  -999;-999;eor
       3155;201111020012;201111020012;    3;  0.00;  -999;  -999;-999;eor
       3155;201111020013;201111020013;    3;  0.00;  -999;  -999;-999;eor
       3155;201111020014;201111020014;    3;  0.00;  -999;  -999;-999;eor
       3155;201111020015;201111020015;    3;  0.00;  -999;  -999;-999;eor
       3155;201111020016;201111020016;    3;  0.00;  -999;  -999;-999;eor
       3155;201111020017;201111020017;    3;  0.00;  -999;  -999;-999;eor
       3155;201111020018;201111020018;    3;  0.00;  -999;  -999;-999;eor
       3155;201111020019;201111020019;    3;  0.00;  -999;  -999;-999;eor
       3155;201111020020;201111020020;    3;  0.00;  -999;  -999;-999;eor
       3155;201111020021;201111020021;    3;  0.00;  -999;  -999;-999;eor
       3155;201111020022;201111020022;    3;  0.00;  -999;  -999;-999;eor
       3155;201111020023;201111020023;    3;  0.00;  -999;  -999;-999;eor
       3155;201111020024;201111020024;    3;  0.00;  -999;  -999;-999;eor
       3155;201111020025;201111020025;    3;  0.00;  -999;  -999;-999;eor
       3155;201111020026;201111020026;    3;  0.00;  -999;  -999;-999;eor
       3155;201111020027;201111020027;    3;  0.00;  -999;  -999;-999;eor
       3155;201111020028;201111020028;    3;  0.00;  -999;  -999;-999;eor
       3155;201111020029;201111020029;    3;  0.00;  -999;  -999;-999;eor
       3155;201111020030;201111020030;    3;  0.03;  -999;  -999;-999;eor
       3155;201111020031;201111020031;    3;  0.00;  -999;  -999;-999;eor
       3155;201111020032;201111020032;    3;  0.00;  -999;  -999;-999;eor
       3155;201111020033;201111020033;    3;  0.00;  -999;  -999;-999;eor
       3155;201111020034;201111020034;    3;  0.00;  -999;  -999;-999;eor
       3155;201111020035;201111020035;    3;  0.00;  -999;  -999;-999;eor
       3155;201111020036;201111020036;    3;  0.00;  -999;  -999;-999;eor
       3155;201111020037;201111020037;    3;  0.00;  -999;  -999;-999;eor
       3155;201111020038;201111020038;    3;  0.00;  -999;  -999;-999;eor
       3155;201111020039;201111020039;    3;  0.00;  -999;  -999;-999;eor
       3155;201111020040;201111020040;    3;  0.00;  -999;  -999;-999;eor
       3155;201111020041;201111020041;    3;  0.00;  -999;  -999;-999;eor
       3155;201111020042;201111020042;    3;  0.00;  -999;  -999;-999;eor
       3155;201111020043;201111020043;    3;  0.00;  -999;  -999;-999;eor
       3155;201111020044;201111020044;    3;  0.00;  -999;  -999;-999;eor
       3155;201111020045;201111020045;    3;  0.00;  -999;  -999;-999;eor
       3155;201111020046;201111020046;    3;  0.00;  -999;  -999;-999;eor
       3155;201111020047;201111020047;    3;  0.00;  -999;  -999;-999;eor
       3155;201111020048;201111020048;    3;  0.00;  -999;  -999;-999;eor
       3155;201111020049;201111020049;    3;  0.00;  -999;  -999;-999;eor
       3155;201111020050;201111020050;    3;  0.00;  -999;  -999;-999;eor
       3155;201111020051;201111020051;    3;  0.00;  -999;  -999;-999;eor
       3155;201111020052;201111020052;    3;  0.00;  -999;  -999;-999;eor
       3155;201111020053;201111020053;    3;  0.00;  -999;  -999;-999;eor
       3155;201111020054;201111020054;    3;  0.00;  -999;  -999;-999;eor
       3155;201111020055;201111020055;    3;  0.00;  -999;  -999;-999;eor
       3155;201111020056;201111020056;    3;  0.00;  -999;  -999;-999;eor
       3155;201111020057;201111020057;    3;  0.00;  -999;  -999;-999;eor
       3155;201111020058;201111020058;    3;  0.00;  -999;  -999;-999;eor
       3155;201111020059;201111020059;    3;  0.00;  -999;  -999;-999;eor
       3155;201111020100;201111020159;    3;  0.00;  -999;  -999;-999;eor
       3155;201111020200;201111020259;    3;  0.00;  -999;  -999;-999;eor
       3155;201111020300;201111020359;    3;  0.00;  -999;  -999;-999;eor
       3155;201111020400;201111020459;    3;  0.00;  -999;  -999;-999;eor
       3155;201111020500;201111020559;    3;  0.00;  -999;  -999;-999;eor
       3155;201111020600;201111020600;    3;  0.00;  -999;  -999;-999;eor
       3155;201111020601;201111020601;    3;  0.00;  -999;  -999;-999;eor
       3155;201111020602;201111020602;    3;  0.00;  -999;  -999;-999;eor
       3155;201111020603;201111020603;    3;  0.00;  -999;  -999;-999;eor
       3155;201111020604;201111020604;    3;  0.00;  -999;  -999;-999;eor
       3155;201111020605;201111020605;    3;  0.00;  -999;  -999;-999;eor
       3155;201111020606;201111020606;    3;  0.00;  -999;  -999;-999;eor
       3155;201111020607;201111020607;    3;  0.00;  -999;  -999;-999;eor
       3155;201111020608;201111020608;    3;  0.00;  -999;  -999;-999;eor
       3155;201111020609;201111020609;    3;  0.00;  -999;  -999;-999;eor
       3155;201111020610;201111020610;    3;  0.00;  -999;  -999;-999;eor
       3155;201111020611;201111020611;    3;  0.00;  -999;  -999;-999;eor
       3155;201111020612;201111020612;    3;  0.00;  -999;  -999;-999;eor
       3155;201111020613;201111020613;    3;  0.03;  -999;  -999;-999;eor
       3155;201111020614;201111020614;    3;  0.01;  -999;  -999;-999;eor
       3155;201111020615;201111020615;    3;  0.00;  -999;  -999;-999;eor
       3155;201111020616;201111020616;    3;  0.00;  -999;  -999;-999;eor
       3155;201111020617;201111020617;    3;  0.00;  -999;  -999;-999;eor
       3155;201111020618;201111020618;    3;  0.00;  -999;  -999;-999;eor
       3155;201111020619;201111020619;    3;  0.00;  -999;  -999;-999;eor
       3155;201111020620;201111020620;    3;  0.00;  -999;  -999;-999;eor
       3155;201111020621;201111020621;    3;  0.00;  -999;  -999;-999;eor
       3155;201111020622;201111020622;    3;  0.00;  -999;  -999;-999;eor
       3155;201111020623;201111020623;    3;  0.00;  -999;  -999;-999;eor
       3155;201111020624;201111020624;    3;  0.03;  -999;  -999;-999;eor
       3155;201111020625;201111020625;    3;  0.01;  -999;  -999;-999;eor
       3155;201111020626;201111020626;    3;  0.00;  -999;  -999;-999;eor
       3155;201111020627;201111020627;    3;  0.00;  -999;  -999;-999;eor
       3155;201111020628;201111020628;    3;  0.00;  -999;  -999;-999;eor
       3155;201111020629;201111020629;    3;  0.00;  -999;  -999;-999;eor
       3155;201111020630;201111020630;    3;  0.05;  -999;  -999;-999;eor
       3155;201111020631;201111020631;    3;  0.02;  -999;  -999;-999;eor
       3155;201111020632;201111020632;    3;  0.00;  -999;  -999;-999;eor
       3155;201111020633;201111020633;    3;  0.00;  -999;  -999;-999;eor
       3155;201111020634;201111020634;    3;  0.00;  -999;  -999;-999;eor
       3155;201111020635;201111020635;    3;  0.00;  -999;  -999;-999;eor
       3155;201111020636;201111020636;    3;  0.00;  -999;  -999;-999;eor
       3155;201111020637;201111020637;    3;  0.00;  -999;  -999;-999;eor
       3155;201111020638;201111020638;    3;  0.00;  -999;  -999;-999;eor
       3155;201111020639;201111020639;    3;  0.00;  -999;  -999;-999;eor
       3155;201111020640;201111020640;    3;  0.00;  -999;  -999;-999;eor
       3155;201111020641;201111020641;    3;  0.00;  -999;  -999;-999;eor
       3155;201111020642;201111020642;    3;  0.00;  -999;  -999;-999;eor
       3155;201111020643;201111020643;    3;  0.00;  -999;  -999;-999;eor
       3155;201111020644;201111020644;    3;  0.00;  -999;  -999;-999;eor
       3155;201111020645;201111020645;    3;  0.00;  -999;  -999;-999;eor
       3155;201111020646;201111020646;    3;  0.00;  -999;  -999;-999;eor
       3155;201111020647;201111020647;    3;  0.00;  -999;  -999;-999;eor
       3155;201111020648;201111020648;    3;  0.00;  -999;  -999;-999;eor
       3155;201111020649;201111020649;    3;  0.00;  -999;  -999;-999;eor
       3155;201111020650;201111020650;    3;  0.00;  -999;  -999;-999;eor
       3155;201111020651;201111020651;    3;  0.00;  -999;  -999;-999;eor
       3155;201111020652;201111020652;    3;  0.00;  -999;  -999;-999;eor
       3155;201111020653;201111020653;    3;  0.00;  -999;  -999;-999;eor
       3155;201111020654;201111020654;    3;  0.00;  -999;  -999;-999;eor
       3155;201111020655;201111020655;    3;  0.00;  -999;  -999;-999;eor
       3155;201111020656;201111020656;    3;  0.00;  -999;  -999;-999;eor
       3155;201111020657;201111020657;    3;  0.00;  -999;  -999;-999;eor
       3155;201111020658;201111020658;    3;  0.00;  -999;  -999;-999;eor
       3155;201111020659;201111020659;    3;  0.00;  -999;  -999;-999;eor
       3155;201111020700;201111020759;    3;  0.00;  -999;  -999;-999;eor
       3155;201111020800;201111020859;    3;  0.00;  -999;  -999;-999;eor
       3155;201111020900;201111020959;    3;  0.00;  -999;  -999;-999;eor
       3155;201111021000;201111021059;    3;  0.00;  -999;  -999;-999;eor
       3155;201111021100;201111021159;    3;  0.00;  -999;  -999;-999;eor
       3155;201111021200;201111021259;    3;  0.00;  -999;  -999;-999;eor
       3155;201111021300;201111021359;    3;  0.00;  -999;  -999;-999;eor
       3155;201111021400;201111021459;    3;  0.00;  -999;  -999;-999;eor
       3155;201111021500;201111021559;    3;  0.00;  -999;  -999;-999;eor
       3155;201111021600;201111021659;    3;  0.00;  -999;  -999;-999;eor
       3155;201111021700;201111021759;    3;  0.00;  -999;  -999;-999;eor
       3155;201111021800;201111021859;    3;  0.00;  -999;  -999;-999;eor
       3155;201111021900;201111021959;    3;  0.00;  -999;  -999;-999;eor
       3155;201111022000;201111022059;    3;  0.00;  -999;  -999;-999;eor
       3155;201111022100;201111022159;    3;  0.00;  -999;  -999;-999;eor
       3155;201111022200;201111022259;    3;  0.00;  -999;  -999;-999;eor
       3155;201111022300;201111022359;    3;  0.00;  -999;  -999;-999;eor
       3155;201111030000;201111030059;    3;  0.00;  -999;  -999;-999;eor
       3155;201111030100;201111030159;    3;  0.00;  -999;  -999;-999;eor
       3155;201111030200;201111030259;    3;  0.00;  -999;  -999;-999;eor
       3155;201111030300;201111030359;    3;  0.00;  -999;  -999;-999;eor
       3155;201111030400;201111030459;    3;  0.00;  -999;  -999;-999;eor
       3155;201111030500;201111030559;    3;  0.00;  -999;  -999;-999;eor
       3155;201111030600;201111030659;    3;  0.00;  -999;  -999;-999;eor
       3155;201111030700;201111030759;    3;  0.00;  -999;  -999;-999;eor
       3155;201111030800;201111030859;    3;  0.00;  -999;  -999;-999;eor
       3155;201111030900;201111030959;    3;  0.00;  -999;  -999;-999;eor
       3155;201111031000;201111031059;    3;  0.00;  -999;  -999;-999;eor
       3155;201111031100;201111031159;    3;  0.00;  -999;  -999;-999;eor
       3155;201111031200;201111031259;    3;  0.00;  -999;  -999;-999;eor
       3155;201111031300;201111031359;    3;  0.00;  -999;  -999;-999;eor
       3155;201111031400;201111031459;    3;  0.00;  -999;  -999;-999;eor
       3155;201111031500;201111031559;    3;  0.00;  -999;  -999;-999;eor
       3155;201111031600;201111031659;    3;  0.00;  -999;  -999;-999;eor
       3155;201111031700;201111031759;    3;  0.00;  -999;  -999;-999;eor
       3155;201111031800;201111031859;    3;  0.00;  -999;  -999;-999;eor
       3155;201111031900;201111031900;    3;  0.00;  -999;  -999;-999;eor
       3155;201111031901;201111031901;    3;  0.00;  -999;  -999;-999;eor
       3155;201111031902;201111031902;    3;  0.04;  -999;  -999;-999;eor
       3155;201111031903;201111031903;    3;  0.00;  -999;  -999;-999;eor
       3155;201111031904;201111031904;    3;  0.00;  -999;  -999;-999;eor
       3155;201111031905;201111031905;    3;  0.00;  -999;  -999;-999;eor
       3155;201111031906;201111031906;    3;  0.00;  -999;  -999;-999;eor
       3155;201111031907;201111031907;    3;  0.03;  -999;  -999;-999;eor
       3155;201111031908;201111031908;    3;  0.01;  -999;  -999;-999;eor
       3155;201111031909;201111031909;    3;  0.00;  -999;  -999;-999;eor
       3155;201111031910;201111031910;    3;  0.00;  -999;  -999;-999;eor
       3155;201111031911;201111031911;    3;  0.00;  -999;  -999;-999;eor
       3155;201111031912;201111031912;    3;  0.03;  -999;  -999;-999;eor
       3155;201111031913;201111031913;    3;  0.01;  -999;  -999;-999;eor
       3155;201111031914;201111031914;    3;  0.00;  -999;  -999;-999;eor
       3155;201111031915;201111031915;    3;  0.00;  -999;  -999;-999;eor
       3155;201111031916;201111031916;    3;  0.00;  -999;  -999;-999;eor
       3155;201111031917;201111031917;    3;  0.00;  -999;  -999;-999;eor
       3155;201111031918;201111031918;    3;  0.00;  -999;  -999;-999;eor
       3155;201111031919;201111031919;    3;  0.00;  -999;  -999;-999;eor
       3155;201111031920;201111031920;    3;  0.00;  -999;  -999;-999;eor
       3155;201111031921;201111031921;    3;  0.00;  -999;  -999;-999;eor
       3155;201111031922;201111031922;    3;  0.00;  -999;  -999;-999;eor
       3155;201111031923;201111031923;    3;  0.00;  -999;  -999;-999;eor
       3155;201111031924;201111031924;    3;  0.00;  -999;  -999;-999;eor
       3155;201111031925;201111031925;    3;  0.00;  -999;  -999;-999;eor
       3155;201111031926;201111031926;    3;  0.00;  -999;  -999;-999;eor
       3155;201111031927;201111031927;    3;  0.00;  -999;  -999;-999;eor
       3155;201111031928;201111031928;    3;  0.00;  -999;  -999;-999;eor
       3155;201111031929;201111031929;    3;  0.00;  -999;  -999;-999;eor
       3155;201111031930;201111031930;    3;  0.00;  -999;  -999;-999;eor
       3155;201111031931;201111031931;    3;  0.00;  -999;  -999;-999;eor
       3155;201111031932;201111031932;    3;  0.00;  -999;  -999;-999;eor
       3155;201111031933;201111031933;    3;  0.00;  -999;  -999;-999;eor
       3155;201111031934;201111031934;    3;  0.00;  -999;  -999;-999;eor
       3155;201111031935;201111031935;    3;  0.00;  -999;  -999;-999;eor
       3155;201111031936;201111031936;    3;  0.00;  -999;  -999;-999;eor
       3155;201111031937;201111031937;    3;  0.00;  -999;  -999;-999;eor
       3155;201111031938;201111031938;    3;  0.00;  -999;  -999;-999;eor
       3155;201111031939;201111031939;    3;  0.00;  -999;  -999;-999;eor
       3155;201111031940;201111031940;    3;  0.00;  -999;  -999;-999;eor
       3155;201111031941;201111031941;    3;  0.00;  -999;  -999;-999;eor
       3155;201111031942;201111031942;    3;  0.00;  -999;  -999;-999;eor
       3155;201111031943;201111031943;    3;  0.00;  -999;  -999;-999;eor
       3155;201111031944;201111031944;    3;  0.00;  -999;  -999;-999;eor
       3155;201111031945;201111031945;    3;  0.00;  -999;  -999;-999;eor
       3155;201111031946;201111031946;    3;  0.00;  -999;  -999;-999;eor
       3155;201111031947;201111031947;    3;  0.00;  -999;  -999;-999;eor
       3155;201111031948;201111031948;    3;  0.00;  -999;  -999;-999;eor
       3155;201111031949;201111031949;    3;  0.00;  -999;  -999;-999;eor
       3155;201111031950;201111031950;    3;  0.00;  -999;  -999;-999;eor
       3155;201111031951;201111031951;    3;  0.00;  -999;  -999;-999;eor
       3155;201111031952;201111031952;    3;  0.00;  -999;  -999;-999;eor
       3155;201111031953;201111031953;    3;  0.00;  -999;  -999;-999;eor
       3155;201111031954;201111031954;    3;  0.00;  -999;  -999;-999;eor
       3155;201111031955;201111031955;    3;  0.00;  -999;  -999;-999;eor
       3155;201111031956;201111031956;    3;  0.00;  -999;  -999;-999;eor
       3155;201111031957;201111031957;    3;  0.00;  -999;  -999;-999;eor
       3155;201111031958;201111031958;    3;  0.00;  -999;  -999;-999;eor
       3155;201111031959;201111031959;    3;  0.00;  -999;  -999;-999;eor
       3155;201111032000;201111032059;    3;  0.00;  -999;  -999;-999;eor
       3155;201111032100;201111032159;    3;  0.00;  -999;  -999;-999;eor
       3155;201111032200;201111032259;    3;  0.00;  -999;  -999;-999;eor
       3155;201111032300;201111032300;    3;  0.00;  -999;  -999;-999;eor
       3155;201111032301;201111032301;    3;  0.00;  -999;  -999;-999;eor
       3155;201111032302;201111032302;    3;  0.00;  -999;  -999;-999;eor
       3155;201111032303;201111032303;    3;  0.00;  -999;  -999;-999;eor
       3155;201111032304;201111032304;    3;  0.00;  -999;  -999;-999;eor
       3155;201111032305;201111032305;    3;  0.04;  -999;  -999;-999;eor
       3155;201111032306;201111032306;    3;  0.03;  -999;  -999;-999;eor
       3155;201111032307;201111032307;    3;  0.00;  -999;  -999;-999;eor
       3155;201111032308;201111032308;    3;  0.00;  -999;  -999;-999;eor
       3155;201111032309;201111032309;    3;  0.00;  -999;  -999;-999;eor
       3155;201111032310;201111032310;    3;  0.00;  -999;  -999;-999;eor
       3155;201111032311;201111032311;    3;  0.00;  -999;  -999;-999;eor
       3155;201111032312;201111032312;    3;  0.00;  -999;  -999;-999;eor
       3155;201111032313;201111032313;    3;  0.03;  -999;  -999;-999;eor
       3155;201111032314;201111032314;    3;  0.00;  -999;  -999;-999;eor
       3155;201111032315;201111032315;    3;  0.00;  -999;  -999;-999;eor
       3155;201111032316;201111032316;    3;  0.00;  -999;  -999;-999;eor
       3155;201111032317;201111032317;    3;  0.00;  -999;  -999;-999;eor
       3155;201111032318;201111032318;    3;  0.00;  -999;  -999;-999;eor
       3155;201111032319;201111032319;    3;  0.00;  -999;  -999;-999;eor
       3155;201111032320;201111032320;    3;  0.00;  -999;  -999;-999;eor
       3155;201111032321;201111032321;    3;  0.00;  -999;  -999;-999;eor
       3155;201111032322;201111032322;    3;  0.00;  -999;  -999;-999;eor
       3155;201111032323;201111032323;    3;  0.00;  -999;  -999;-999;eor
       3155;201111032324;201111032324;    3;  0.00;  -999;  -999;-999;eor
       3155;201111032325;201111032325;    3;  0.04;  -999;  -999;-999;eor
       3155;201111032326;201111032326;    3;  0.04;  -999;  -999;-999;eor
       3155;201111032327;201111032327;    3;  0.03;  -999;  -999;-999;eor
       3155;201111032328;201111032328;    3;  0.03;  -999;  -999;-999;eor
       3155;201111032329;201111032329;    3;  0.05;  -999;  -999;-999;eor
       3155;201111032330;201111032330;    3;  0.05;  -999;  -999;-999;eor
       3155;201111032331;201111032331;    3;  0.04;  -999;  -999;-999;eor
       3155;201111032332;201111032332;    3;  0.03;  -999;  -999;-999;eor
       3155;201111032333;201111032333;    3;  0.04;  -999;  -999;-999;eor
       3155;201111032334;201111032334;    3;  0.02;  -999;  -999;-999;eor
       3155;201111032335;201111032335;    3;  0.00;  -999;  -999;-999;eor
       3155;201111032336;201111032336;    3;  0.00;  -999;  -999;-999;eor
       3155;201111032337;201111032337;    3;  0.04;  -999;  -999;-999;eor
       3155;201111032338;201111032338;    3;  0.02;  -999;  -999;-999;eor
       3155;201111032339;201111032339;    3;  0.04;  -999;  -999;-999;eor
       3155;201111032340;201111032340;    3;  0.03;  -999;  -999;-999;eor
       3155;201111032341;201111032341;    3;  0.05;  -999;  -999;-999;eor
       3155;201111032342;201111032342;    3;  0.02;  -999;  -999;-999;eor
       3155;201111032343;201111032343;    3;  0.03;  -999;  -999;-999;eor
       3155;201111032344;201111032344;    3;  0.03;  -999;  -999;-999;eor
       3155;201111032345;201111032345;    3;  0.04;  -999;  -999;-999;eor
       3155;201111032346;201111032346;    3;  0.04;  -999;  -999;-999;eor
       3155;201111032347;201111032347;    3;  0.03;  -999;  -999;-999;eor
       3155;201111032348;201111032348;    3;  0.02;  -999;  -999;-999;eor
       3155;201111032349;201111032349;    3;  0.00;  -999;  -999;-999;eor
       3155;201111032350;201111032350;    3;  0.06;  -999;  -999;-999;eor
       3155;201111032351;201111032351;    3;  0.05;  -999;  -999;-999;eor
       3155;201111032352;201111032352;    3;  0.02;  -999;  -999;-999;eor
       3155;201111032353;201111032353;    3;  0.00;  -999;  -999;-999;eor
       3155;201111032354;201111032354;    3;  0.07;  -999;  -999;-999;eor
       3155;201111032355;201111032355;    3;  0.04;  -999;  -999;-999;eor
       3155;201111032356;201111032356;    3;  0.05;  -999;  -999;-999;eor
       3155;201111032357;201111032357;    3;  0.03;  -999;  -999;-999;eor
       3155;201111032358;201111032358;    3;  0.04;  -999;  -999;-999;eor
       3155;201111032359;201111032359;    3;  0.03;  -999;  -999;-999;eor
       3155;201111040000;201111040000;    3;  0.05;  -999;  -999;-999;eor
       3155;201111040001;201111040001;    3;  0.03;  -999;  -999;-999;eor
       3155;201111040002;201111040002;    3;  0.03;  -999;  -999;-999;eor
       3155;201111040003;201111040003;    3;  0.04;  -999;  -999;-999;eor
       3155;201111040004;201111040004;    3;  0.03;  -999;  -999;-999;eor
       3155;201111040005;201111040005;    3;  0.00;  -999;  -999;-999;eor
       3155;201111040006;201111040006;    3;  0.04;  -999;  -999;-999;eor
       3155;201111040007;201111040007;    3;  0.01;  -999;  -999;-999;eor
       3155;201111040008;201111040008;    3;  0.00;  -999;  -999;-999;eor
       3155;201111040009;201111040009;    3;  0.00;  -999;  -999;-999;eor
       3155;201111040010;201111040010;    3;  0.00;  -999;  -999;-999;eor
       3155;201111040011;201111040011;    3;  0.00;  -999;  -999;-999;eor
       3155;201111040012;201111040012;    3;  0.00;  -999;  -999;-999;eor
       3155;201111040013;201111040013;    3;  0.00;  -999;  -999;-999;eor
       3155;201111040014;201111040014;    3;  0.00;  -999;  -999;-999;eor
       3155;201111040015;201111040015;    3;  0.00;  -999;  -999;-999;eor
       3155;201111040016;201111040016;    3;  0.03;  -999;  -999;-999;eor
       3155;201111040017;201111040017;    3;  0.01;  -999;  -999;-999;eor
       3155;201111040018;201111040018;    3;  0.00;  -999;  -999;-999;eor
       3155;201111040019;201111040019;    3;  0.00;  -999;  -999;-999;eor
       3155;201111040020;201111040020;    3;  0.00;  -999;  -999;-999;eor
       3155;201111040021;201111040021;    3;  0.03;  -999;  -999;-999;eor
       3155;201111040022;201111040022;    3;  0.01;  -999;  -999;-999;eor
       3155;201111040023;201111040023;    3;  0.00;  -999;  -999;-999;eor
       3155;201111040024;201111040024;    3;  0.00;  -999;  -999;-999;eor
       3155;201111040025;201111040025;    3;  0.04;  -999;  -999;-999;eor
       3155;201111040026;201111040026;    3;  0.00;  -999;  -999;-999;eor
       3155;201111040027;201111040027;    3;  0.00;  -999;  -999;-999;eor
       3155;201111040028;201111040028;    3;  0.00;  -999;  -999;-999;eor
       3155;201111040029;201111040029;    3;  0.00;  -999;  -999;-999;eor
       3155;201111040030;201111040030;    3;  0.00;  -999;  -999;-999;eor
       3155;201111040031;201111040031;    3;  0.00;  -999;  -999;-999;eor
       3155;201111040032;201111040032;    3;  0.04;  -999;  -999;-999;eor
       3155;201111040033;201111040033;    3;  0.00;  -999;  -999;-999;eor
       3155;201111040034;201111040034;    3;  0.00;  -999;  -999;-999;eor
       3155;201111040035;201111040035;    3;  0.00;  -999;  -999;-999;eor
       3155;201111040036;201111040036;    3;  0.00;  -999;  -999;-999;eor
       3155;201111040037;201111040037;    3;  0.00;  -999;  -999;-999;eor
       3155;201111040038;201111040038;    3;  0.03;  -999;  -999;-999;eor
       3155;201111040039;201111040039;    3;  0.01;  -999;  -999;-999;eor
       3155;201111040040;201111040040;    3;  0.00;  -999;  -999;-999;eor
       3155;201111040041;201111040041;    3;  0.00;  -999;  -999;-999;eor
       3155;201111040042;201111040042;    3;  0.00;  -999;  -999;-999;eor
       3155;201111040043;201111040043;    3;  0.00;  -999;  -999;-999;eor
       3155;201111040044;201111040044;    3;  0.00;  -999;  -999;-999;eor
       3155;201111040045;201111040045;    3;  0.00;  -999;  -999;-999;eor
       3155;201111040046;201111040046;    3;  0.00;  -999;  -999;-999;eor
       3155;201111040047;201111040047;    3;  0.00;  -999;  -999;-999;eor
       3155;201111040048;201111040048;    3;  0.00;  -999;  -999;-999;eor
       3155;201111040049;201111040049;    3;  0.03;  -999;  -999;-999;eor
       3155;201111040050;201111040050;    3;  0.01;  -999;  -999;-999;eor
       3155;201111040051;201111040051;    3;  0.00;  -999;  -999;-999;eor
       3155;201111040052;201111040052;    3;  0.00;  -999;  -999;-999;eor
       3155;201111040053;201111040053;    3;  0.00;  -999;  -999;-999;eor
       3155;201111040054;201111040054;    3;  0.03;  -999;  -999;-999;eor
       3155;201111040055;201111040055;    3;  0.00;  -999;  -999;-999;eor
       3155;201111040056;201111040056;    3;  0.00;  -999;  -999;-999;eor
       3155;201111040057;201111040057;    3;  0.00;  -999;  -999;-999;eor
       3155;201111040058;201111040058;    3;  0.00;  -999;  -999;-999;eor
       3155;201111040059;201111040059;    3;  0.00;  -999;  -999;-999;eor
       3155;201111040100;201111040100;    3;  0.00;  -999;  -999;-999;eor
       3155;201111040101;201111040101;    3;  0.00;  -999;  -999;-999;eor
       3155;201111040102;201111040102;    3;  0.00;  -999;  -999;-999;eor
       3155;201111040103;201111040103;    3;  0.00;  -999;  -999;-999;eor
       3155;201111040104;201111040104;    3;  0.00;  -999;  -999;-999;eor
       3155;201111040105;201111040105;    3;  0.00;  -999;  -999;-999;eor
       3155;201111040106;201111040106;    3;  0.00;  -999;  -999;-999;eor
       3155;201111040107;201111040107;    3;  0.00;  -999;  -999;-999;eor
       3155;201111040108;201111040108;    3;  0.00;  -999;  -999;-999;eor
       3155;201111040109;201111040109;    3;  0.00;  -999;  -999;-999;eor
       3155;201111040110;201111040110;    3;  0.00;  -999;  -999;-999;eor
       3155;201111040111;201111040111;    3;  0.00;  -999;  -999;-999;eor
       3155;201111040112;201111040112;    3;  0.00;  -999;  -999;-999;eor
       3155;201111040113;201111040113;    3;  0.00;  -999;  -999;-999;eor
       3155;201111040114;201111040114;    3;  0.00;  -999;  -999;-999;eor
       3155;201111040115;201111040115;    3;  0.00;  -999;  -999;-999;eor
       3155;201111040116;201111040116;    3;  0.00;  -999;  -999;-999;eor
       3155;201111040117;201111040117;    3;  0.00;  -999;  -999;-999;eor
       3155;201111040118;201111040118;    3;  0.00;  -999;  -999;-999;eor
       3155;201111040119;201111040119;    3;  0.00;  -999;  -999;-999;eor
       3155;201111040120;201111040120;    3;  0.00;  -999;  -999;-999;eor
       3155;201111040121;201111040121;    3;  0.00;  -999;  -999;-999;eor
       3155;201111040122;201111040122;    3;  0.00;  -999;  -999;-999;eor
       3155;201111040123;201111040123;    3;  0.00;  -999;  -999;-999;eor
       3155;201111040124;201111040124;    3;  0.00;  -999;  -999;-999;eor
       3155;201111040125;201111040125;    3;  0.00;  -999;  -999;-999;eor
       3155;201111040126;201111040126;    3;  0.03;  -999;  -999;-999;eor
       3155;201111040127;201111040127;    3;  0.00;  -999;  -999;-999;eor
       3155;201111040128;201111040128;    3;  0.00;  -999;  -999;-999;eor
       3155;201111040129;201111040129;    3;  0.00;  -999;  -999;-999;eor
       3155;201111040130;201111040130;    3;  0.00;  -999;  -999;-999;eor
       3155;201111040131;201111040131;    3;  0.00;  -999;  -999;-999;eor
       3155;201111040132;201111040132;    3;  0.00;  -999;  -999;-999;eor
       3155;201111040133;201111040133;    3;  0.00;  -999;  -999;-999;eor
       3155;201111040134;201111040134;    3;  0.00;  -999;  -999;-999;eor
       3155;201111040135;201111040135;    3;  0.00;  -999;  -999;-999;eor
       3155;201111040136;201111040136;    3;  0.00;  -999;  -999;-999;eor
       3155;201111040137;201111040137;    3;  0.00;  -999;  -999;-999;eor
       3155;201111040138;201111040138;    3;  0.00;  -999;  -999;-999;eor
       3155;201111040139;201111040139;    3;  0.00;  -999;  -999;-999;eor
       3155;201111040140;201111040140;    3;  0.00;  -999;  -999;-999;eor
       3155;201111040141;201111040141;    3;  0.00;  -999;  -999;-999;eor
       3155;201111040142;201111040142;    3;  0.00;  -999;  -999;-999;eor
       3155;201111040143;201111040143;    3;  0.00;  -999;  -999;-999;eor
       3155;201111040144;201111040144;    3;  0.00;  -999;  -999;-999;eor
       3155;201111040145;201111040145;    3;  0.00;  -999;  -999;-999;eor
       3155;201111040146;201111040146;    3;  0.00;  -999;  -999;-999;eor
       3155;201111040147;201111040147;    3;  0.00;  -999;  -999;-999;eor
       3155;201111040148;201111040148;    3;  0.00;  -999;  -999;-999;eor
       3155;201111040149;201111040149;    3;  0.00;  -999;  -999;-999;eor
       3155;201111040150;201111040150;    3;  0.00;  -999;  -999;-999;eor
       3155;201111040151;201111040151;    3;  0.00;  -999;  -999;-999;eor
       3155;201111040152;201111040152;    3;  0.00;  -999;  -999;-999;eor
       3155;201111040153;201111040153;    3;  0.00;  -999;  -999;-999;eor
       3155;201111040154;201111040154;    3;  0.00;  -999;  -999;-999;eor
       3155;201111040155;201111040155;    3;  0.00;  -999;  -999;-999;eor
       3155;201111040156;201111040156;    3;  0.00;  -999;  -999;-999;eor
       3155;201111040157;201111040157;    3;  0.00;  -999;  -999;-999;eor
       3155;201111040158;201111040158;    3;  0.00;  -999;  -999;-999;eor
       3155;201111040159;201111040159;    3;  0.00;  -999;  -999;-999;eor
       3155;201111040200;201111040200;    3;  0.00;  -999;  -999;-999;eor
       3155;201111040201;201111040201;    3;  0.00;  -999;  -999;-999;eor
       3155;201111040202;201111040202;    3;  0.00;  -999;  -999;-999;eor
       3155;201111040203;201111040203;    3;  0.04;  -999;  -999;-999;eor
       3155;201111040204;201111040204;    3;  0.00;  -999;  -999;-999;eor
       3155;201111040205;201111040205;    3;  0.00;  -999;  -999;-999;eor
       3155;201111040206;201111040206;    3;  0.00;  -999;  -999;-999;eor
       3155;201111040207;201111040207;    3;  0.00;  -999;  -999;-999;eor
       3155;201111040208;201111040208;    3;  0.00;  -999;  -999;-999;eor
       3155;201111040209;201111040209;    3;  0.00;  -999;  -999;-999;eor
       3155;201111040210;201111040210;    3;  0.00;  -999;  -999;-999;eor
       3155;201111040211;201111040211;    3;  0.00;  -999;  -999;-999;eor
       3155;201111040212;201111040212;    3;  0.00;  -999;  -999;-999;eor
       3155;201111040213;201111040213;    3;  0.04;  -999;  -999;-999;eor
       3155;201111040214;201111040214;    3;  0.00;  -999;  -999;-999;eor
       3155;201111040215;201111040215;    3;  0.00;  -999;  -999;-999;eor
       3155;201111040216;201111040216;    3;  0.00;  -999;  -999;-999;eor
       3155;201111040217;201111040217;    3;  0.00;  -999;  -999;-999;eor
       3155;201111040218;201111040218;    3;  0.00;  -999;  -999;-999;eor
       3155;201111040219;201111040219;    3;  0.00;  -999;  -999;-999;eor
       3155;201111040220;201111040220;    3;  0.00;  -999;  -999;-999;eor
       3155;201111040221;201111040221;    3;  0.00;  -999;  -999;-999;eor
       3155;201111040222;201111040222;    3;  0.00;  -999;  -999;-999;eor
       3155;201111040223;201111040223;    3;  0.00;  -999;  -999;-999;eor
       3155;201111040224;201111040224;    3;  0.00;  -999;  -999;-999;eor
       3155;201111040225;201111040225;    3;  0.00;  -999;  -999;-999;eor
       3155;201111040226;201111040226;    3;  0.00;  -999;  -999;-999;eor
       3155;201111040227;201111040227;    3;  0.00;  -999;  -999;-999;eor
       3155;201111040228;201111040228;    3;  0.00;  -999;  -999;-999;eor
       3155;201111040229;201111040229;    3;  0.00;  -999;  -999;-999;eor
       3155;201111040230;201111040230;    3;  0.00;  -999;  -999;-999;eor
       3155;201111040231;201111040231;    3;  0.00;  -999;  -999;-999;eor
       3155;201111040232;201111040232;    3;  0.00;  -999;  -999;-999;eor
       3155;201111040233;201111040233;    3;  0.00;  -999;  -999;-999;eor
       3155;201111040234;201111040234;    3;  0.00;  -999;  -999;-999;eor
       3155;201111040235;201111040235;    3;  0.00;  -999;  -999;-999;eor
       3155;201111040236;201111040236;    3;  0.00;  -999;  -999;-999;eor
       3155;201111040237;201111040237;    3;  0.00;  -999;  -999;-999;eor
       3155;201111040238;201111040238;    3;  0.00;  -999;  -999;-999;eor
       3155;201111040239;201111040239;    3;  0.00;  -999;  -999;-999;eor
       3155;201111040240;201111040240;    3;  0.00;  -999;  -999;-999;eor
       3155;201111040241;201111040241;    3;  0.00;  -999;  -999;-999;eor
       3155;201111040242;201111040242;    3;  0.00;  -999;  -999;-999;eor
       3155;201111040243;201111040243;    3;  0.00;  -999;  -999;-999;eor
       3155;201111040244;201111040244;    3;  0.00;  -999;  -999;-999;eor
       3155;201111040245;201111040245;    3;  0.00;  -999;  -999;-999;eor
       3155;201111040246;201111040246;    3;  0.00;  -999;  -999;-999;eor
       3155;201111040247;201111040247;    3;  0.00;  -999;  -999;-999;eor
       3155;201111040248;201111040248;    3;  0.00;  -999;  -999;-999;eor
       3155;201111040249;201111040249;    3;  0.00;  -999;  -999;-999;eor
       3155;201111040250;201111040250;    3;  0.00;  -999;  -999;-999;eor
       3155;201111040251;201111040251;    3;  0.00;  -999;  -999;-999;eor
       3155;201111040252;201111040252;    3;  0.00;  -999;  -999;-999;eor
       3155;201111040253;201111040253;    3;  0.00;  -999;  -999;-999;eor
       3155;201111040254;201111040254;    3;  0.00;  -999;  -999;-999;eor
       3155;201111040255;201111040255;    3;  0.00;  -999;  -999;-999;eor
       3155;201111040256;201111040256;    3;  0.00;  -999;  -999;-999;eor
       3155;201111040257;201111040257;    3;  0.00;  -999;  -999;-999;eor
       3155;201111040258;201111040258;    3;  0.00;  -999;  -999;-999;eor
       3155;201111040259;201111040259;    3;  0.00;  -999;  -999;-999;eor
       3155;201111040300;201111040359;    3;  0.00;  -999;  -999;-999;eor
       3155;201111040400;201111040459;    3;  0.00;  -999;  -999;-999;eor
       3155;201111040500;201111040559;    3;  0.00;  -999;  -999;-999;eor
       3155;201111040600;201111040600;    3;  0.00;  -999;  -999;-999;eor
       3155;201111040601;201111040601;    3;  0.00;  -999;  -999;-999;eor
       3155;201111040602;201111040602;    3;  0.00;  -999;  -999;-999;eor
       3155;201111040603;201111040603;    3;  0.00;  -999;  -999;-999;eor
       3155;201111040604;201111040604;    3;  0.00;  -999;  -999;-999;eor
       3155;201111040605;201111040605;    3;  0.00;  -999;  -999;-999;eor
       3155;201111040606;201111040606;    3;  0.00;  -999;  -999;-999;eor
       3155;201111040607;201111040607;    3;  0.00;  -999;  -999;-999;eor
       3155;201111040608;201111040608;    3;  0.00;  -999;  -999;-999;eor
       3155;201111040609;201111040609;    3;  0.00;  -999;  -999;-999;eor
       3155;201111040610;201111040610;    3;  0.00;  -999;  -999;-999;eor
       3155;201111040611;201111040611;    3;  0.00;  -999;  -999;-999;eor
       3155;201111040612;201111040612;    3;  0.00;  -999;  -999;-999;eor
       3155;201111040613;201111040613;    3;  0.00;  -999;  -999;-999;eor
       3155;201111040614;201111040614;    3;  0.00;  -999;  -999;-999;eor
       3155;201111040615;201111040615;    3;  0.00;  -999;  -999;-999;eor
       3155;201111040616;201111040616;    3;  0.00;  -999;  -999;-999;eor
       3155;201111040617;201111040617;    3;  0.00;  -999;  -999;-999;eor
       3155;201111040618;201111040618;    3;  0.00;  -999;  -999;-999;eor
       3155;201111040619;201111040619;    3;  0.00;  -999;  -999;-999;eor
       3155;201111040620;201111040620;    3;  0.00;  -999;  -999;-999;eor
       3155;201111040621;201111040621;    3;  0.00;  -999;  -999;-999;eor
       3155;201111040622;201111040622;    3;  0.00;  -999;  -999;-999;eor
       3155;201111040623;201111040623;    3;  0.00;  -999;  -999;-999;eor
       3155;201111040624;201111040624;    3;  0.00;  -999;  -999;-999;eor
       3155;201111040625;201111040625;    3;  0.00;  -999;  -999;-999;eor
       3155;201111040626;201111040626;    3;  0.00;  -999;  -999;-999;eor
       3155;201111040627;201111040627;    3;  0.00;  -999;  -999;-999;eor
       3155;201111040628;201111040628;    3;  0.00;  -999;  -999;-999;eor
       3155;201111040629;201111040629;    3;  0.00;  -999;  -999;-999;eor
       3155;201111040630;201111040630;    3;  0.00;  -999;  -999;-999;eor
       3155;201111040631;201111040631;    3;  0.00;  -999;  -999;-999;eor
       3155;201111040632;201111040632;    3;  0.00;  -999;  -999;-999;eor
       3155;201111040633;201111040633;    3;  0.00;  -999;  -999;-999;eor
       3155;201111040634;201111040634;    3;  0.00;  -999;  -999;-999;eor
       3155;201111040635;201111040635;    3;  0.00;  -999;  -999;-999;eor
       3155;201111040636;201111040636;    3;  0.00;  -999;  -999;-999;eor
       3155;201111040637;201111040637;    3;  0.00;  -999;  -999;-999;eor
       3155;201111040638;201111040638;    3;  0.00;  -999;  -999;-999;eor
       3155;201111040639;201111040639;    3;  0.00;  -999;  -999;-999;eor
       3155;201111040640;201111040640;    3;  0.00;  -999;  -999;-999;eor
       3155;201111040641;201111040641;    3;  0.00;  -999;  -999;-999;eor
       3155;201111040642;201111040642;    3;  0.00;  -999;  -999;-999;eor
       3155;201111040643;201111040643;    3;  0.00;  -999;  -999;-999;eor
       3155;201111040644;201111040644;    3;  0.00;  -999;  -999;-999;eor
       3155;201111040645;201111040645;    3;  0.00;  -999;  -999;-999;eor
       3155;201111040646;201111040646;    3;  0.00;  -999;  -999;-999;eor
       3155;201111040647;201111040647;    3;  0.00;  -999;  -999;-999;eor
       3155;201111040648;201111040648;    3;  0.00;  -999;  -999;-999;eor
       3155;201111040649;201111040649;    3;  0.00;  -999;  -999;-999;eor
       3155;201111040650;201111040650;    3;  0.00;  -999;  -999;-999;eor
       3155;201111040651;201111040651;    3;  0.00;  -999;  -999;-999;eor
       3155;201111040652;201111040652;    3;  0.00;  -999;  -999;-999;eor
       3155;201111040653;201111040653;    3;  0.03;  -999;  -999;-999;eor
       3155;201111040654;201111040654;    3;  0.00;  -999;  -999;-999;eor
       3155;201111040655;201111040655;    3;  0.00;  -999;  -999;-999;eor
       3155;201111040656;201111040656;    3;  0.00;  -999;  -999;-999;eor
       3155;201111040657;201111040657;    3;  0.00;  -999;  -999;-999;eor
       3155;201111040658;201111040658;    3;  0.03;  -999;  -999;-999;eor
       3155;201111040659;201111040659;    3;  0.01;  -999;  -999;-999;eor
       3155;201111040700;201111040700;    3;  0.00;  -999;  -999;-999;eor
       3155;201111040701;201111040701;    3;  0.00;  -999;  -999;-999;eor
       3155;201111040702;201111040702;    3;  0.03;  -999;  -999;-999;eor
       3155;201111040703;201111040703;    3;  0.01;  -999;  -999;-999;eor
       3155;201111040704;201111040704;    3;  0.00;  -999;  -999;-999;eor
       3155;201111040705;201111040705;    3;  0.00;  -999;  -999;-999;eor
       3155;201111040706;201111040706;    3;  0.00;  -999;  -999;-999;eor
       3155;201111040707;201111040707;    3;  0.00;  -999;  -999;-999;eor
       3155;201111040708;201111040708;    3;  0.00;  -999;  -999;-999;eor
       3155;201111040709;201111040709;    3;  0.00;  -999;  -999;-999;eor
       3155;201111040710;201111040710;    3;  0.00;  -999;  -999;-999;eor
       3155;201111040711;201111040711;    3;  0.00;  -999;  -999;-999;eor
       3155;201111040712;201111040712;    3;  0.00;  -999;  -999;-999;eor
       3155;201111040713;201111040713;    3;  0.00;  -999;  -999;-999;eor
       3155;201111040714;201111040714;    3;  0.00;  -999;  -999;-999;eor
       3155;201111040715;201111040715;    3;  0.00;  -999;  -999;-999;eor
       3155;201111040716;201111040716;    3;  0.00;  -999;  -999;-999;eor
       3155;201111040717;201111040717;    3;  0.00;  -999;  -999;-999;eor
       3155;201111040718;201111040718;    3;  0.00;  -999;  -999;-999;eor
       3155;201111040719;201111040719;    3;  0.00;  -999;  -999;-999;eor
       3155;201111040720;201111040720;    3;  0.00;  -999;  -999;-999;eor
       3155;201111040721;201111040721;    3;  0.00;  -999;  -999;-999;eor
       3155;201111040722;201111040722;    3;  0.00;  -999;  -999;-999;eor
       3155;201111040723;201111040723;    3;  0.00;  -999;  -999;-999;eor
       3155;201111040724;201111040724;    3;  0.00;  -999;  -999;-999;eor
       3155;201111040725;201111040725;    3;  0.00;  -999;  -999;-999;eor
       3155;201111040726;201111040726;    3;  0.00;  -999;  -999;-999;eor
       3155;201111040727;201111040727;    3;  0.00;  -999;  -999;-999;eor
       3155;201111040728;201111040728;    3;  0.00;  -999;  -999;-999;eor
       3155;201111040729;201111040729;    3;  0.00;  -999;  -999;-999;eor
       3155;201111040730;201111040730;    3;  0.00;  -999;  -999;-999;eor
       3155;201111040731;201111040731;    3;  0.00;  -999;  -999;-999;eor
       3155;201111040732;201111040732;    3;  0.00;  -999;  -999;-999;eor
       3155;201111040733;201111040733;    3;  0.00;  -999;  -999;-999;eor
       3155;201111040734;201111040734;    3;  0.00;  -999;  -999;-999;eor
       3155;201111040735;201111040735;    3;  0.00;  -999;  -999;-999;eor
       3155;201111040736;201111040736;    3;  0.00;  -999;  -999;-999;eor
       3155;201111040737;201111040737;    3;  0.00;  -999;  -999;-999;eor
       3155;201111040738;201111040738;    3;  0.00;  -999;  -999;-999;eor
       3155;201111040739;201111040739;    3;  0.00;  -999;  -999;-999;eor
       3155;201111040740;201111040740;    3;  0.00;  -999;  -999;-999;eor
       3155;201111040741;201111040741;    3;  0.00;  -999;  -999;-999;eor
       3155;201111040742;201111040742;    3;  0.00;  -999;  -999;-999;eor
       3155;201111040743;201111040743;    3;  0.00;  -999;  -999;-999;eor
       3155;201111040744;201111040744;    3;  0.00;  -999;  -999;-999;eor
       3155;201111040745;201111040745;    3;  0.00;  -999;  -999;-999;eor
       3155;201111040746;201111040746;    3;  0.00;  -999;  -999;-999;eor
       3155;201111040747;201111040747;    3;  0.00;  -999;  -999;-999;eor
       3155;201111040748;201111040748;    3;  0.00;  -999;  -999;-999;eor
       3155;201111040749;201111040749;    3;  0.00;  -999;  -999;-999;eor
       3155;201111040750;201111040750;    3;  0.00;  -999;  -999;-999;eor
       3155;201111040751;201111040751;    3;  0.00;  -999;  -999;-999;eor
       3155;201111040752;201111040752;    3;  0.00;  -999;  -999;-999;eor
       3155;201111040753;201111040753;    3;  0.00;  -999;  -999;-999;eor
       3155;201111040754;201111040754;    3;  0.00;  -999;  -999;-999;eor
       3155;201111040755;201111040755;    3;  0.00;  -999;  -999;-999;eor
       3155;201111040756;201111040756;    3;  0.00;  -999;  -999;-999;eor
       3155;201111040757;201111040757;    3;  0.00;  -999;  -999;-999;eor
       3155;201111040758;201111040758;    3;  0.00;  -999;  -999;-999;eor
       3155;201111040759;201111040759;    3;  0.00;  -999;  -999;-999;eor
       3155;201111040800;201111040859;    3;  0.00;  -999;  -999;-999;eor
       3155;201111040900;201111040959;    3;  0.00;  -999;  -999;-999;eor
       3155;201111041000;201111041059;    3;  0.00;  -999;  -999;-999;eor
       3155;201111041100;201111041159;    3;  0.00;  -999;  -999;-999;eor
       3155;201111041200;201111041259;    3;  0.00;  -999;  -999;-999;eor
       3155;201111041300;201111041359;    3;  0.00;  -999;  -999;-999;eor
       3155;201111041400;201111041459;    3;  0.00;  -999;  -999;-999;eor
       3155;201111041500;201111041559;    3;  0.00;  -999;  -999;-999;eor
       3155;201111041600;201111041659;    3;  0.00;  -999;  -999;-999;eor
       3155;201111041700;201111041759;    3;  0.00;  -999;  -999;-999;eor
       3155;201111041800;201111041859;    3;  0.00;  -999;  -999;-999;eor
       3155;201111041900;201111041959;    3;  0.00;  -999;  -999;-999;eor
       3155;201111042000;201111042000;    3;  0.00;  -999;  -999;-999;eor
       3155;201111042001;201111042001;    3;  0.00;  -999;  -999;-999;eor
       3155;201111042002;201111042002;    3;  0.00;  -999;  -999;-999;eor
       3155;201111042003;201111042003;    3;  0.00;  -999;  -999;-999;eor
       3155;201111042004;201111042004;    3;  0.00;  -999;  -999;-999;eor
       3155;201111042005;201111042005;    3;  0.00;  -999;  -999;-999;eor
       3155;201111042006;201111042006;    3;  0.00;  -999;  -999;-999;eor
       3155;201111042007;201111042007;    3;  0.00;  -999;  -999;-999;eor
       3155;201111042008;201111042008;    3;  0.00;  -999;  -999;-999;eor
       3155;201111042009;201111042009;    3;  0.00;  -999;  -999;-999;eor
       3155;201111042010;201111042010;    3;  0.00;  -999;  -999;-999;eor
       3155;201111042011;201111042011;    3;  0.00;  -999;  -999;-999;eor
       3155;201111042012;201111042012;    3;  0.00;  -999;  -999;-999;eor
       3155;201111042013;201111042013;    3;  0.00;  -999;  -999;-999;eor
       3155;201111042014;201111042014;    3;  0.00;  -999;  -999;-999;eor
       3155;201111042015;201111042015;    3;  0.00;  -999;  -999;-999;eor
       3155;201111042016;201111042016;    3;  0.00;  -999;  -999;-999;eor
       3155;201111042017;201111042017;    3;  0.00;  -999;  -999;-999;eor
       3155;201111042018;201111042018;    3;  0.00;  -999;  -999;-999;eor
       3155;201111042019;201111042019;    3;  0.03;  -999;  -999;-999;eor
       3155;201111042020;201111042020;    3;  0.00;  -999;  -999;-999;eor
       3155;201111042021;201111042021;    3;  0.00;  -999;  -999;-999;eor
       3155;201111042022;201111042022;    3;  0.00;  -999;  -999;-999;eor
       3155;201111042023;201111042023;    3;  0.00;  -999;  -999;-999;eor
       3155;201111042024;201111042024;    3;  0.00;  -999;  -999;-999;eor
       3155;201111042025;201111042025;    3;  0.00;  -999;  -999;-999;eor
       3155;201111042026;201111042026;    3;  0.00;  -999;  -999;-999;eor
       3155;201111042027;201111042027;    3;  0.00;  -999;  -999;-999;eor
       3155;201111042028;201111042028;    3;  0.00;  -999;  -999;-999;eor
       3155;201111042029;201111042029;    3;  0.00;  -999;  -999;-999;eor
       3155;201111042030;201111042030;    3;  0.00;  -999;  -999;-999;eor
       3155;201111042031;201111042031;    3;  0.00;  -999;  -999;-999;eor
       3155;201111042032;201111042032;    3;  0.00;  -999;  -999;-999;eor
       3155;201111042033;201111042033;    3;  0.00;  -999;  -999;-999;eor
       3155;201111042034;201111042034;    3;  0.00;  -999;  -999;-999;eor
       3155;201111042035;201111042035;    3;  0.00;  -999;  -999;-999;eor
       3155;201111042036;201111042036;    3;  0.00;  -999;  -999;-999;eor
       3155;201111042037;201111042037;    3;  0.00;  -999;  -999;-999;eor
       3155;201111042038;201111042038;    3;  0.00;  -999;  -999;-999;eor
       3155;201111042039;201111042039;    3;  0.00;  -999;  -999;-999;eor
       3155;201111042040;201111042040;    3;  0.00;  -999;  -999;-999;eor
       3155;201111042041;201111042041;    3;  0.00;  -999;  -999;-999;eor
       3155;201111042042;201111042042;    3;  0.00;  -999;  -999;-999;eor
       3155;201111042043;201111042043;    3;  0.03;  -999;  -999;-999;eor
       3155;201111042044;201111042044;    3;  0.00;  -999;  -999;-999;eor
       3155;201111042045;201111042045;    3;  0.00;  -999;  -999;-999;eor
       3155;201111042046;201111042046;    3;  0.00;  -999;  -999;-999;eor
       3155;201111042047;201111042047;    3;  0.00;  -999;  -999;-999;eor
       3155;201111042048;201111042048;    3;  0.00;  -999;  -999;-999;eor
       3155;201111042049;201111042049;    3;  0.00;  -999;  -999;-999;eor
       3155;201111042050;201111042050;    3;  0.00;  -999;  -999;-999;eor
       3155;201111042051;201111042051;    3;  0.00;  -999;  -999;-999;eor
       3155;201111042052;201111042052;    3;  0.00;  -999;  -999;-999;eor
       3155;201111042053;201111042053;    3;  0.00;  -999;  -999;-999;eor
       3155;201111042054;201111042054;    3;  0.00;  -999;  -999;-999;eor
       3155;201111042055;201111042055;    3;  0.00;  -999;  -999;-999;eor
       3155;201111042056;201111042056;    3;  0.00;  -999;  -999;-999;eor
       3155;201111042057;201111042057;    3;  0.00;  -999;  -999;-999;eor
       3155;201111042058;201111042058;    3;  0.00;  -999;  -999;-999;eor
       3155;201111042059;201111042059;    3;  0.00;  -999;  -999;-999;eor
       3155;201111042100;201111042159;    3;  0.00;  -999;  -999;-999;eor
       3155;201111042200;201111042259;    3;  0.00;  -999;  -999;-999;eor
       3155;201111042300;201111042359;    3;  0.00;  -999;  -999;-999;eor
       3155;201111050000;201111052359;    3;  0.00;  -999;  -999;-999;eor
       3155;201111060000;201111062359;    3;  0.00;  -999;  -999;-999;eor
       3155;201111070000;201111072359;    3;  0.00;  -999;  -999;-999;eor
       3155;201111080000;201111082359;    3;  0.00;  -999;  -999;-999;eor
       3155;201111090000;201111092359;    3;  0.00;  -999;  -999;-999;eor
       3155;201111100000;201111102359;    3;  0.00;  -999;  -999;-999;eor
       3155;201111110000;201111112359;    3;  0.00;  -999;  -999;-999;eor
       3155;201111120000;201111122359;    3;  0.00;  -999;  -999;-999;eor
       3155;201111130000;201111132359;    3;  0.00;  -999;  -999;-999;eor
       3155;201111140000;201111142359;    3;  0.00;  -999;  -999;-999;eor
       3155;201111150000;201111152359;    3;  0.00;  -999;  -999;-999;eor
       3155;201111160000;201111162359;    3;  0.00;  -999;  -999;-999;eor
       3155;201111170000;201111172359;    3;  0.00;  -999;  -999;-999;eor
       3155;201111180000;201111182359;    3;  0.00;  -999;  -999;-999;eor
       3155;201111190000;201111192359;    3;  0.00;  -999;  -999;-999;eor
       3155;201111200000;201111202359;    3;  0.00;  -999;  -999;-999;eor
       3155;201111210000;201111212359;    3;  0.00;  -999;  -999;-999;eor
       3155;201111220000;201111222359;    3;  0.00;  -999;  -999;-999;eor
       3155;201111230000;201111232359;    3;  0.00;  -999;  -999;-999;eor
       3155;201111240000;201111242359;    3;  0.00;  -999;  -999;-999;eor
       3155;201111250000;201111252359;    3;  0.00;  -999;  -999;-999;eor
       3155;201111260000;201111262359;    3;  0.00;  -999;  -999;-999;eor
       3155;201111270000;201111270059;    3;  0.00;  -999;  -999;-999;eor
       3155;201111270100;201111270159;    3;  0.00;  -999;  -999;-999;eor
       3155;201111270200;201111270259;    3;  0.00;  -999;  -999;-999;eor
       3155;201111270300;201111270359;    3;  0.00;  -999;  -999;-999;eor
       3155;201111270400;201111270459;    3;  0.00;  -999;  -999;-999;eor
       3155;201111270500;201111270559;    3;  0.00;  -999;  -999;-999;eor
       3155;201111270600;201111270659;    3;  0.00;  -999;  -999;-999;eor
       3155;201111270700;201111270759;    3;  0.00;  -999;  -999;-999;eor
       3155;201111270800;201111270859;    3;  0.00;  -999;  -999;-999;eor
       3155;201111270900;201111270959;    3;  0.00;  -999;  -999;-999;eor
       3155;201111271000;201111271059;    3;  0.00;  -999;  -999;-999;eor
       3155;201111271100;201111271159;    3;  0.00;  -999;  -999;-999;eor
       3155;201111271200;201111271259;    3;  0.00;  -999;  -999;-999;eor
       3155;201111271300;201111271300;    3;  0.00;  -999;  -999;-999;eor
       3155;201111271301;201111271301;    3;  0.00;  -999;  -999;-999;eor
       3155;201111271302;201111271302;    3;  0.00;  -999;  -999;-999;eor
       3155;201111271303;201111271303;    3;  0.00;  -999;  -999;-999;eor
       3155;201111271304;201111271304;    3;  0.00;  -999;  -999;-999;eor
       3155;201111271305;201111271305;    3;  0.00;  -999;  -999;-999;eor
       3155;201111271306;201111271306;    3;  0.00;  -999;  -999;-999;eor
       3155;201111271307;201111271307;    3;  0.00;  -999;  -999;-999;eor
       3155;201111271308;201111271308;    3;  0.00;  -999;  -999;-999;eor
       3155;201111271309;201111271309;    3;  0.00;  -999;  -999;-999;eor
       3155;201111271310;201111271310;    3;  0.00;  -999;  -999;-999;eor
       3155;201111271311;201111271311;    3;  0.00;  -999;  -999;-999;eor
       3155;201111271312;201111271312;    3;  0.00;  -999;  -999;-999;eor
       3155;201111271313;201111271313;    3;  0.00;  -999;  -999;-999;eor
       3155;201111271314;201111271314;    3;  0.00;  -999;  -999;-999;eor
       3155;201111271315;201111271315;    3;  0.00;  -999;  -999;-999;eor
       3155;201111271316;201111271316;    3;  0.00;  -999;  -999;-999;eor
       3155;201111271317;201111271317;    3;  0.00;  -999;  -999;-999;eor
       3155;201111271318;201111271318;    3;  0.00;  -999;  -999;-999;eor
       3155;201111271319;201111271319;    3;  0.00;  -999;  -999;-999;eor
       3155;201111271320;201111271320;    3;  0.00;  -999;  -999;-999;eor
       3155;201111271321;201111271321;    3;  0.00;  -999;  -999;-999;eor
       3155;201111271322;201111271322;    3;  0.00;  -999;  -999;-999;eor
       3155;201111271323;201111271323;    3;  0.00;  -999;  -999;-999;eor
       3155;201111271324;201111271324;    3;  0.00;  -999;  -999;-999;eor
       3155;201111271325;201111271325;    3;  0.00;  -999;  -999;-999;eor
       3155;201111271326;201111271326;    3;  0.00;  -999;  -999;-999;eor
       3155;201111271327;201111271327;    3;  0.04;  -999;  -999;-999;eor
       3155;201111271328;201111271328;    3;  0.00;  -999;  -999;-999;eor
       3155;201111271329;201111271329;    3;  0.00;  -999;  -999;-999;eor
       3155;201111271330;201111271330;    3;  0.00;  -999;  -999;-999;eor
       3155;201111271331;201111271331;    3;  0.00;  -999;  -999;-999;eor
       3155;201111271332;201111271332;    3;  0.00;  -999;  -999;-999;eor
       3155;201111271333;201111271333;    3;  0.00;  -999;  -999;-999;eor
       3155;201111271334;201111271334;    3;  0.00;  -999;  -999;-999;eor
       3155;201111271335;201111271335;    3;  0.00;  -999;  -999;-999;eor
       3155;201111271336;201111271336;    3;  0.00;  -999;  -999;-999;eor
       3155;201111271337;201111271337;    3;  0.00;  -999;  -999;-999;eor
       3155;201111271338;201111271338;    3;  0.00;  -999;  -999;-999;eor
       3155;201111271339;201111271339;    3;  0.00;  -999;  -999;-999;eor
       3155;201111271340;201111271340;    3;  0.00;  -999;  -999;-999;eor
       3155;201111271341;201111271341;    3;  0.00;  -999;  -999;-999;eor
       3155;201111271342;201111271342;    3;  0.00;  -999;  -999;-999;eor
       3155;201111271343;201111271343;    3;  0.03;  -999;  -999;-999;eor
       3155;201111271344;201111271344;    3;  0.00;  -999;  -999;-999;eor
       3155;201111271345;201111271345;    3;  0.00;  -999;  -999;-999;eor
       3155;201111271346;201111271346;    3;  0.00;  -999;  -999;-999;eor
       3155;201111271347;201111271347;    3;  0.00;  -999;  -999;-999;eor
       3155;201111271348;201111271348;    3;  0.00;  -999;  -999;-999;eor
       3155;201111271349;201111271349;    3;  0.00;  -999;  -999;-999;eor
       3155;201111271350;201111271350;    3;  0.00;  -999;  -999;-999;eor
       3155;201111271351;201111271351;    3;  0.00;  -999;  -999;-999;eor
       3155;201111271352;201111271352;    3;  0.00;  -999;  -999;-999;eor
       3155;201111271353;201111271353;    3;  0.00;  -999;  -999;-999;eor
       3155;201111271354;201111271354;    3;  0.00;  -999;  -999;-999;eor
       3155;201111271355;201111271355;    3;  0.00;  -999;  -999;-999;eor
       3155;201111271356;201111271356;    3;  0.00;  -999;  -999;-999;eor
       3155;201111271357;201111271357;    3;  0.00;  -999;  -999;-999;eor
       3155;201111271358;201111271358;    3;  0.00;  -999;  -999;-999;eor
       3155;201111271359;201111271359;    3;  0.00;  -999;  -999;-999;eor
       3155;201111271400;201111271400;    3;  0.00;  -999;  -999;-999;eor
       3155;201111271401;201111271401;    3;  0.00;  -999;  -999;-999;eor
       3155;201111271402;201111271402;    3;  0.00;  -999;  -999;-999;eor
       3155;201111271403;201111271403;    3;  0.00;  -999;  -999;-999;eor
       3155;201111271404;201111271404;    3;  0.00;  -999;  -999;-999;eor
       3155;201111271405;201111271405;    3;  0.00;  -999;  -999;-999;eor
       3155;201111271406;201111271406;    3;  0.00;  -999;  -999;-999;eor
       3155;201111271407;201111271407;    3;  0.00;  -999;  -999;-999;eor
       3155;201111271408;201111271408;    3;  0.00;  -999;  -999;-999;eor
       3155;201111271409;201111271409;    3;  0.04;  -999;  -999;-999;eor
       3155;201111271410;201111271410;    3;  0.00;  -999;  -999;-999;eor
       3155;201111271411;201111271411;    3;  0.00;  -999;  -999;-999;eor
       3155;201111271412;201111271412;    3;  0.00;  -999;  -999;-999;eor
       3155;201111271413;201111271413;    3;  0.00;  -999;  -999;-999;eor
       3155;201111271414;201111271414;    3;  0.00;  -999;  -999;-999;eor
       3155;201111271415;201111271415;    3;  0.00;  -999;  -999;-999;eor
       3155;201111271416;201111271416;    3;  0.00;  -999;  -999;-999;eor
       3155;201111271417;201111271417;    3;  0.00;  -999;  -999;-999;eor
       3155;201111271418;201111271418;    3;  0.00;  -999;  -999;-999;eor
       3155;201111271419;201111271419;    3;  0.00;  -999;  -999;-999;eor
       3155;201111271420;201111271420;    3;  0.00;  -999;  -999;-999;eor
       3155;201111271421;201111271421;    3;  0.00;  -999;  -999;-999;eor
       3155;201111271422;201111271422;    3;  0.00;  -999;  -999;-999;eor
       3155;201111271423;201111271423;    3;  0.00;  -999;  -999;-999;eor
       3155;201111271424;201111271424;    3;  0.03;  -999;  -999;-999;eor
       3155;201111271425;201111271425;    3;  0.00;  -999;  -999;-999;eor
       3155;201111271426;201111271426;    3;  0.00;  -999;  -999;-999;eor
       3155;201111271427;201111271427;    3;  0.00;  -999;  -999;-999;eor
       3155;201111271428;201111271428;    3;  0.00;  -999;  -999;-999;eor
       3155;201111271429;201111271429;    3;  0.00;  -999;  -999;-999;eor
       3155;201111271430;201111271430;    3;  0.00;  -999;  -999;-999;eor
       3155;201111271431;201111271431;    3;  0.00;  -999;  -999;-999;eor
       3155;201111271432;201111271432;    3;  0.00;  -999;  -999;-999;eor
       3155;201111271433;201111271433;    3;  0.00;  -999;  -999;-999;eor
       3155;201111271434;201111271434;    3;  0.00;  -999;  -999;-999;eor
       3155;201111271435;201111271435;    3;  0.00;  -999;  -999;-999;eor
       3155;201111271436;201111271436;    3;  0.00;  -999;  -999;-999;eor
       3155;201111271437;201111271437;    3;  0.00;  -999;  -999;-999;eor
       3155;201111271438;201111271438;    3;  0.00;  -999;  -999;-999;eor
       3155;201111271439;201111271439;    3;  0.00;  -999;  -999;-999;eor
       3155;201111271440;201111271440;    3;  0.00;  -999;  -999;-999;eor
       3155;201111271441;201111271441;    3;  0.00;  -999;  -999;-999;eor
       3155;201111271442;201111271442;    3;  0.03;  -999;  -999;-999;eor
       3155;201111271443;201111271443;    3;  0.01;  -999;  -999;-999;eor
       3155;201111271444;201111271444;    3;  0.00;  -999;  -999;-999;eor
       3155;201111271445;201111271445;    3;  0.00;  -999;  -999;-999;eor
       3155;201111271446;201111271446;    3;  0.00;  -999;  -999;-999;eor
       3155;201111271447;201111271447;    3;  0.00;  -999;  -999;-999;eor
       3155;201111271448;201111271448;    3;  0.03;  -999;  -999;-999;eor
       3155;201111271449;201111271449;    3;  0.00;  -999;  -999;-999;eor
       3155;201111271450;201111271450;    3;  0.00;  -999;  -999;-999;eor
       3155;201111271451;201111271451;    3;  0.00;  -999;  -999;-999;eor
       3155;201111271452;201111271452;    3;  0.00;  -999;  -999;-999;eor
       3155;201111271453;201111271453;    3;  0.00;  -999;  -999;-999;eor
       3155;201111271454;201111271454;    3;  0.00;  -999;  -999;-999;eor
       3155;201111271455;201111271455;    3;  0.00;  -999;  -999;-999;eor
       3155;201111271456;201111271456;    3;  0.00;  -999;  -999;-999;eor
       3155;201111271457;201111271457;    3;  0.00;  -999;  -999;-999;eor
       3155;201111271458;201111271458;    3;  0.00;  -999;  -999;-999;eor
       3155;201111271459;201111271459;    3;  0.00;  -999;  -999;-999;eor
       3155;201111271500;201111271500;    3;  0.00;  -999;  -999;-999;eor
       3155;201111271501;201111271501;    3;  0.00;  -999;  -999;-999;eor
       3155;201111271502;201111271502;    3;  0.00;  -999;  -999;-999;eor
       3155;201111271503;201111271503;    3;  0.00;  -999;  -999;-999;eor
       3155;201111271504;201111271504;    3;  0.00;  -999;  -999;-999;eor
       3155;201111271505;201111271505;    3;  0.03;  -999;  -999;-999;eor
       3155;201111271506;201111271506;    3;  0.00;  -999;  -999;-999;eor
       3155;201111271507;201111271507;    3;  0.00;  -999;  -999;-999;eor
       3155;201111271508;201111271508;    3;  0.00;  -999;  -999;-999;eor
       3155;201111271509;201111271509;    3;  0.00;  -999;  -999;-999;eor
       3155;201111271510;201111271510;    3;  0.00;  -999;  -999;-999;eor
       3155;201111271511;201111271511;    3;  0.00;  -999;  -999;-999;eor
       3155;201111271512;201111271512;    3;  0.00;  -999;  -999;-999;eor
       3155;201111271513;201111271513;    3;  0.00;  -999;  -999;-999;eor
       3155;201111271514;201111271514;    3;  0.00;  -999;  -999;-999;eor
       3155;201111271515;201111271515;    3;  0.00;  -999;  -999;-999;eor
       3155;201111271516;201111271516;    3;  0.00;  -999;  -999;-999;eor
       3155;201111271517;201111271517;    3;  0.04;  -999;  -999;-999;eor
       3155;201111271518;201111271518;    3;  0.00;  -999;  -999;-999;eor
       3155;201111271519;201111271519;    3;  0.00;  -999;  -999;-999;eor
       3155;201111271520;201111271520;    3;  0.00;  -999;  -999;-999;eor
       3155;201111271521;201111271521;    3;  0.00;  -999;  -999;-999;eor
       3155;201111271522;201111271522;    3;  0.00;  -999;  -999;-999;eor
       3155;201111271523;201111271523;    3;  0.00;  -999;  -999;-999;eor
       3155;201111271524;201111271524;    3;  0.00;  -999;  -999;-999;eor
       3155;201111271525;201111271525;    3;  0.00;  -999;  -999;-999;eor
       3155;201111271526;201111271526;    3;  0.03;  -999;  -999;-999;eor
       3155;201111271527;201111271527;    3;  0.00;  -999;  -999;-999;eor
       3155;201111271528;201111271528;    3;  0.00;  -999;  -999;-999;eor
       3155;201111271529;201111271529;    3;  0.00;  -999;  -999;-999;eor
       3155;201111271530;201111271530;    3;  0.00;  -999;  -999;-999;eor
       3155;201111271531;201111271531;    3;  0.00;  -999;  -999;-999;eor
       3155;201111271532;201111271532;    3;  0.00;  -999;  -999;-999;eor
       3155;201111271533;201111271533;    3;  0.00;  -999;  -999;-999;eor
       3155;201111271534;201111271534;    3;  0.00;  -999;  -999;-999;eor
       3155;201111271535;201111271535;    3;  0.00;  -999;  -999;-999;eor
       3155;201111271536;201111271536;    3;  0.00;  -999;  -999;-999;eor
       3155;201111271537;201111271537;    3;  0.00;  -999;  -999;-999;eor
       3155;201111271538;201111271538;    3;  0.03;  -999;  -999;-999;eor
       3155;201111271539;201111271539;    3;  0.01;  -999;  -999;-999;eor
       3155;201111271540;201111271540;    3;  0.00;  -999;  -999;-999;eor
       3155;201111271541;201111271541;    3;  0.00;  -999;  -999;-999;eor
       3155;201111271542;201111271542;    3;  0.00;  -999;  -999;-999;eor
       3155;201111271543;201111271543;    3;  0.00;  -999;  -999;-999;eor
       3155;201111271544;201111271544;    3;  0.00;  -999;  -999;-999;eor
       3155;201111271545;201111271545;    3;  0.00;  -999;  -999;-999;eor
       3155;201111271546;201111271546;    3;  0.00;  -999;  -999;-999;eor
       3155;201111271547;201111271547;    3;  0.00;  -999;  -999;-999;eor
       3155;201111271548;201111271548;    3;  0.00;  -999;  -999;-999;eor
       3155;201111271549;201111271549;    3;  0.00;  -999;  -999;-999;eor
       3155;201111271550;201111271550;    3;  0.00;  -999;  -999;-999;eor
       3155;201111271551;201111271551;    3;  0.00;  -999;  -999;-999;eor
       3155;201111271552;201111271552;    3;  0.00;  -999;  -999;-999;eor
       3155;201111271553;201111271553;    3;  0.00;  -999;  -999;-999;eor
       3155;201111271554;201111271554;    3;  0.00;  -999;  -999;-999;eor
       3155;201111271555;201111271555;    3;  0.00;  -999;  -999;-999;eor
       3155;201111271556;201111271556;    3;  0.00;  -999;  -999;-999;eor
       3155;201111271557;201111271557;    3;  0.00;  -999;  -999;-999;eor
       3155;201111271558;201111271558;    3;  0.00;  -999;  -999;-999;eor
       3155;201111271559;201111271559;    3;  0.00;  -999;  -999;-999;eor
       3155;201111271600;201111271659;    3;  0.00;  -999;  -999;-999;eor
       3155;201111271700;201111271759;    3;  0.00;  -999;  -999;-999;eor
       3155;201111271800;201111271800;    3;  0.00;  -999;  -999;-999;eor
       3155;201111271801;201111271801;    3;  0.00;  -999;  -999;-999;eor
       3155;201111271802;201111271802;    3;  0.00;  -999;  -999;-999;eor
       3155;201111271803;201111271803;    3;  0.00;  -999;  -999;-999;eor
       3155;201111271804;201111271804;    3;  0.00;  -999;  -999;-999;eor
       3155;201111271805;201111271805;    3;  0.00;  -999;  -999;-999;eor
       3155;201111271806;201111271806;    3;  0.00;  -999;  -999;-999;eor
       3155;201111271807;201111271807;    3;  0.00;  -999;  -999;-999;eor
       3155;201111271808;201111271808;    3;  0.00;  -999;  -999;-999;eor
       3155;201111271809;201111271809;    3;  0.00;  -999;  -999;-999;eor
       3155;201111271810;201111271810;    3;  0.00;  -999;  -999;-999;eor
       3155;201111271811;201111271811;    3;  0.00;  -999;  -999;-999;eor
       3155;201111271812;201111271812;    3;  0.00;  -999;  -999;-999;eor
       3155;201111271813;201111271813;    3;  0.00;  -999;  -999;-999;eor
       3155;201111271814;201111271814;    3;  0.00;  -999;  -999;-999;eor
       3155;201111271815;201111271815;    3;  0.00;  -999;  -999;-999;eor
       3155;201111271816;201111271816;    3;  0.00;  -999;  -999;-999;eor
       3155;201111271817;201111271817;    3;  0.00;  -999;  -999;-999;eor
       3155;201111271818;201111271818;    3;  0.00;  -999;  -999;-999;eor
       3155;201111271819;201111271819;    3;  0.00;  -999;  -999;-999;eor
       3155;201111271820;201111271820;    3;  0.00;  -999;  -999;-999;eor
       3155;201111271821;201111271821;    3;  0.00;  -999;  -999;-999;eor
       3155;201111271822;201111271822;    3;  0.00;  -999;  -999;-999;eor
       3155;201111271823;201111271823;    3;  0.00;  -999;  -999;-999;eor
       3155;201111271824;201111271824;    3;  0.00;  -999;  -999;-999;eor
       3155;201111271825;201111271825;    3;  0.00;  -999;  -999;-999;eor
       3155;201111271826;201111271826;    3;  0.00;  -999;  -999;-999;eor
       3155;201111271827;201111271827;    3;  0.00;  -999;  -999;-999;eor
       3155;201111271828;201111271828;    3;  0.00;  -999;  -999;-999;eor
       3155;201111271829;201111271829;    3;  0.00;  -999;  -999;-999;eor
       3155;201111271830;201111271830;    3;  0.00;  -999;  -999;-999;eor
       3155;201111271831;201111271831;    3;  0.00;  -999;  -999;-999;eor
       3155;201111271832;201111271832;    3;  0.00;  -999;  -999;-999;eor
       3155;201111271833;201111271833;    3;  0.00;  -999;  -999;-999;eor
       3155;201111271834;201111271834;    3;  0.00;  -999;  -999;-999;eor
       3155;201111271835;201111271835;    3;  0.00;  -999;  -999;-999;eor
       3155;201111271836;201111271836;    3;  0.00;  -999;  -999;-999;eor
       3155;201111271837;201111271837;    3;  0.00;  -999;  -999;-999;eor
       3155;201111271838;201111271838;    3;  0.00;  -999;  -999;-999;eor
       3155;201111271839;201111271839;    3;  0.00;  -999;  -999;-999;eor
       3155;201111271840;201111271840;    3;  0.00;  -999;  -999;-999;eor
       3155;201111271841;201111271841;    3;  0.00;  -999;  -999;-999;eor
       3155;201111271842;201111271842;    3;  0.00;  -999;  -999;-999;eor
       3155;201111271843;201111271843;    3;  0.00;  -999;  -999;-999;eor
       3155;201111271844;201111271844;    3;  0.00;  -999;  -999;-999;eor
       3155;201111271845;201111271845;    3;  0.00;  -999;  -999;-999;eor
       3155;201111271846;201111271846;    3;  0.00;  -999;  -999;-999;eor
       3155;201111271847;201111271847;    3;  0.00;  -999;  -999;-999;eor
       3155;201111271848;201111271848;    3;  0.00;  -999;  -999;-999;eor
       3155;201111271849;201111271849;    3;  0.00;  -999;  -999;-999;eor
       3155;201111271850;201111271850;    3;  0.04;  -999;  -999;-999;eor
       3155;201111271851;201111271851;    3;  0.00;  -999;  -999;-999;eor
       3155;201111271852;201111271852;    3;  0.00;  -999;  -999;-999;eor
       3155;201111271853;201111271853;    3;  0.04;  -999;  -999;-999;eor
       3155;201111271854;201111271854;    3;  0.02;  -999;  -999;-999;eor
       3155;201111271855;201111271855;    3;  0.00;  -999;  -999;-999;eor
       3155;201111271856;201111271856;    3;  0.00;  -999;  -999;-999;eor
       3155;201111271857;201111271857;    3;  0.00;  -999;  -999;-999;eor
       3155;201111271858;201111271858;    3;  0.00;  -999;  -999;-999;eor
       3155;201111271859;201111271859;    3;  0.00;  -999;  -999;-999;eor
       3155;201111271900;201111271959;    3;  0.00;  -999;  -999;-999;eor
       3155;201111272000;201111272059;    3;  0.00;  -999;  -999;-999;eor
       3155;201111272100;201111272159;    3;  0.00;  -999;  -999;-999;eor
       3155;201111272200;201111272259;    3;  0.00;  -999;  -999;-999;eor
       3155;201111272300;201111272359;    3;  0.00;  -999;  -999;-999;eor
       3155;201111280000;201111282359;    3;  0.00;  -999;  -999;-999;eor
       3155;201111290000;201111290059;    3;  0.00;  -999;  -999;-999;eor
       3155;201111290100;201111290159;    3;  0.00;  -999;  -999;-999;eor
       3155;201111290200;201111290259;    3;  0.00;  -999;  -999;-999;eor
       3155;201111290300;201111290359;    3;  0.00;  -999;  -999;-999;eor
       3155;201111290400;201111290459;    3;  0.00;  -999;  -999;-999;eor
       3155;201111290500;201111290559;    3;  0.00;  -999;  -999;-999;eor
       3155;201111290600;201111290659;    3;  0.00;  -999;  -999;-999;eor
       3155;201111290700;201111290759;    3;  0.00;  -999;  -999;-999;eor
       3155;201111290800;201111290859;    3;  0.00;  -999;  -999;-999;eor
       3155;201111290900;201111290959;    3;  0.00;  -999;  -999;-999;eor
       3155;201111291000;201111291059;    3;  0.00;  -999;  -999;-999;eor
       3155;201111291100;201111291159;    3;  0.00;  -999;  -999;-999;eor
       3155;201111291200;201111291259;    3;  0.00;  -999;  -999;-999;eor
       3155;201111291300;201111291359;    3;  0.00;  -999;  -999;-999;eor
       3155;201111291400;201111291459;    3;  0.00;  -999;  -999;-999;eor
       3155;201111291500;201111291559;    3;  0.00;  -999;  -999;-999;eor
       3155;201111291600;201111291659;    3;  0.00;  -999;  -999;-999;eor
       3155;201111291700;201111291759;    3;  0.00;  -999;  -999;-999;eor
       3155;201111291800;201111291859;    3;  0.00;  -999;  -999;-999;eor
       3155;201111291900;201111291959;    3;  0.00;  -999;  -999;-999;eor
       3155;201111292000;201111292059;    3;  0.00;  -999;  -999;-999;eor
       3155;201111292100;201111292159;    3;  0.00;  -999;  -999;-999;eor
       3155;201111292200;201111292259;    3;  0.00;  -999;  -999;-999;eor
       3155;201111292300;201111292300;    3;  0.00;  -999;  -999;-999;eor
       3155;201111292301;201111292301;    3;  0.00;  -999;  -999;-999;eor
       3155;201111292302;201111292302;    3;  0.00;  -999;  -999;-999;eor
       3155;201111292303;201111292303;    3;  0.00;  -999;  -999;-999;eor
       3155;201111292304;201111292304;    3;  0.00;  -999;  -999;-999;eor
       3155;201111292305;201111292305;    3;  0.00;  -999;  -999;-999;eor
       3155;201111292306;201111292306;    3;  0.00;  -999;  -999;-999;eor
       3155;201111292307;201111292307;    3;  0.00;  -999;  -999;-999;eor
       3155;201111292308;201111292308;    3;  0.00;  -999;  -999;-999;eor
       3155;201111292309;201111292309;    3;  0.00;  -999;  -999;-999;eor
       3155;201111292310;201111292310;    3;  0.00;  -999;  -999;-999;eor
       3155;201111292311;201111292311;    3;  0.00;  -999;  -999;-999;eor
       3155;201111292312;201111292312;    3;  0.00;  -999;  -999;-999;eor
       3155;201111292313;201111292313;    3;  0.00;  -999;  -999;-999;eor
       3155;201111292314;201111292314;    3;  0.00;  -999;  -999;-999;eor
       3155;201111292315;201111292315;    3;  0.00;  -999;  -999;-999;eor
       3155;201111292316;201111292316;    3;  0.04;  -999;  -999;-999;eor
       3155;201111292317;201111292317;    3;  0.01;  -999;  -999;-999;eor
       3155;201111292318;201111292318;    3;  0.00;  -999;  -999;-999;eor
       3155;201111292319;201111292319;    3;  0.00;  -999;  -999;-999;eor
       3155;201111292320;201111292320;    3;  0.00;  -999;  -999;-999;eor
       3155;201111292321;201111292321;    3;  0.04;  -999;  -999;-999;eor
       3155;201111292322;201111292322;    3;  0.04;  -999;  -999;-999;eor
       3155;201111292323;201111292323;    3;  0.02;  -999;  -999;-999;eor
       3155;201111292324;201111292324;    3;  0.00;  -999;  -999;-999;eor
       3155;201111292325;201111292325;    3;  0.03;  -999;  -999;-999;eor
       3155;201111292326;201111292326;    3;  0.02;  -999;  -999;-999;eor
       3155;201111292327;201111292327;    3;  0.00;  -999;  -999;-999;eor
       3155;201111292328;201111292328;    3;  0.03;  -999;  -999;-999;eor
       3155;201111292329;201111292329;    3;  0.02;  -999;  -999;-999;eor
       3155;201111292330;201111292330;    3;  0.00;  -999;  -999;-999;eor
       3155;201111292331;201111292331;    3;  0.00;  -999;  -999;-999;eor
       3155;201111292332;201111292332;    3;  0.00;  -999;  -999;-999;eor
       3155;201111292333;201111292333;    3;  0.03;  -999;  -999;-999;eor
       3155;201111292334;201111292334;    3;  0.01;  -999;  -999;-999;eor
       3155;201111292335;201111292335;    3;  0.00;  -999;  -999;-999;eor
       3155;201111292336;201111292336;    3;  0.00;  -999;  -999;-999;eor
       3155;201111292337;201111292337;    3;  0.00;  -999;  -999;-999;eor
       3155;201111292338;201111292338;    3;  0.03;  -999;  -999;-999;eor
       3155;201111292339;201111292339;    3;  0.02;  -999;  -999;-999;eor
       3155;201111292340;201111292340;    3;  0.00;  -999;  -999;-999;eor
       3155;201111292341;201111292341;    3;  0.00;  -999;  -999;-999;eor
       3155;201111292342;201111292342;    3;  0.00;  -999;  -999;-999;eor
       3155;201111292343;201111292343;    3;  0.00;  -999;  -999;-999;eor
       3155;201111292344;201111292344;    3;  0.03;  -999;  -999;-999;eor
       3155;201111292345;201111292345;    3;  0.00;  -999;  -999;-999;eor
       3155;201111292346;201111292346;    3;  0.00;  -999;  -999;-999;eor
       3155;201111292347;201111292347;    3;  0.04;  -999;  -999;-999;eor
       3155;201111292348;201111292348;    3;  0.01;  -999;  -999;-999;eor
       3155;201111292349;201111292349;    3;  0.00;  -999;  -999;-999;eor
       3155;201111292350;201111292350;    3;  0.00;  -999;  -999;-999;eor
       3155;201111292351;201111292351;    3;  0.00;  -999;  -999;-999;eor
       3155;201111292352;201111292352;    3;  0.04;  -999;  -999;-999;eor
       3155;201111292353;201111292353;    3;  0.01;  -999;  -999;-999;eor
       3155;201111292354;201111292354;    3;  0.00;  -999;  -999;-999;eor
       3155;201111292355;201111292355;    3;  0.00;  -999;  -999;-999;eor
       3155;201111292356;201111292356;    3;  0.00;  -999;  -999;-999;eor
       3155;201111292357;201111292357;    3;  0.00;  -999;  -999;-999;eor
       3155;201111292358;201111292358;    3;  0.05;  -999;  -999;-999;eor
       3155;201111292359;201111292359;    3;  0.00;  -999;  -999;-999;eor
       3155;201111300000;201111300000;    3;  0.00;  -999;  -999;-999;eor
       3155;201111300001;201111300001;    3;  0.00;  -999;  -999;-999;eor
       3155;201111300002;201111300002;    3;  0.00;  -999;  -999;-999;eor
       3155;201111300003;201111300003;    3;  0.00;  -999;  -999;-999;eor
       3155;201111300004;201111300004;    3;  0.04;  -999;  -999;-999;eor
       3155;201111300005;201111300005;    3;  0.01;  -999;  -999;-999;eor
       3155;201111300006;201111300006;    3;  0.00;  -999;  -999;-999;eor
       3155;201111300007;201111300007;    3;  0.03;  -999;  -999;-999;eor
       3155;201111300008;201111300008;    3;  0.01;  -999;  -999;-999;eor
       3155;201111300009;201111300009;    3;  0.00;  -999;  -999;-999;eor
       3155;201111300010;201111300010;    3;  0.00;  -999;  -999;-999;eor
       3155;201111300011;201111300011;    3;  0.00;  -999;  -999;-999;eor
       3155;201111300012;201111300012;    3;  0.04;  -999;  -999;-999;eor
       3155;201111300013;201111300013;    3;  0.00;  -999;  -999;-999;eor
       3155;201111300014;201111300014;    3;  0.00;  -999;  -999;-999;eor
       3155;201111300015;201111300015;    3;  0.00;  -999;  -999;-999;eor
       3155;201111300016;201111300016;    3;  0.04;  -999;  -999;-999;eor
       3155;201111300017;201111300017;    3;  0.01;  -999;  -999;-999;eor
       3155;201111300018;201111300018;    3;  0.00;  -999;  -999;-999;eor
       3155;201111300019;201111300019;    3;  0.00;  -999;  -999;-999;eor
       3155;201111300020;201111300020;    3;  0.00;  -999;  -999;-999;eor
       3155;201111300021;201111300021;    3;  0.00;  -999;  -999;-999;eor
       3155;201111300022;201111300022;    3;  0.00;  -999;  -999;-999;eor
       3155;201111300023;201111300023;    3;  0.03;  -999;  -999;-999;eor
       3155;201111300024;201111300024;    3;  0.01;  -999;  -999;-999;eor
       3155;201111300025;201111300025;    3;  0.00;  -999;  -999;-999;eor
       3155;201111300026;201111300026;    3;  0.00;  -999;  -999;-999;eor
       3155;201111300027;201111300027;    3;  0.00;  -999;  -999;-999;eor
       3155;201111300028;201111300028;    3;  0.00;  -999;  -999;-999;eor
       3155;201111300029;201111300029;    3;  0.03;  -999;  -999;-999;eor
       3155;201111300030;201111300030;    3;  0.01;  -999;  -999;-999;eor
       3155;201111300031;201111300031;    3;  0.00;  -999;  -999;-999;eor
       3155;201111300032;201111300032;    3;  0.00;  -999;  -999;-999;eor
       3155;201111300033;201111300033;    3;  0.00;  -999;  -999;-999;eor
       3155;201111300034;201111300034;    3;  0.04;  -999;  -999;-999;eor
       3155;201111300035;201111300035;    3;  0.00;  -999;  -999;-999;eor
       3155;201111300036;201111300036;    3;  0.00;  -999;  -999;-999;eor
       3155;201111300037;201111300037;    3;  0.00;  -999;  -999;-999;eor
       3155;201111300038;201111300038;    3;  0.00;  -999;  -999;-999;eor
       3155;201111300039;201111300039;    3;  0.00;  -999;  -999;-999;eor
       3155;201111300040;201111300040;    3;  0.04;  -999;  -999;-999;eor
       3155;201111300041;201111300041;    3;  0.00;  -999;  -999;-999;eor
       3155;201111300042;201111300042;    3;  0.00;  -999;  -999;-999;eor
       3155;201111300043;201111300043;    3;  0.00;  -999;  -999;-999;eor
       3155;201111300044;201111300044;    3;  0.00;  -999;  -999;-999;eor
       3155;201111300045;201111300045;    3;  0.00;  -999;  -999;-999;eor
       3155;201111300046;201111300046;    3;  0.00;  -999;  -999;-999;eor
       3155;201111300047;201111300047;    3;  0.00;  -999;  -999;-999;eor
       3155;201111300048;201111300048;    3;  0.00;  -999;  -999;-999;eor
       3155;201111300049;201111300049;    3;  0.00;  -999;  -999;-999;eor
       3155;201111300050;201111300050;    3;  0.00;  -999;  -999;-999;eor
       3155;201111300051;201111300051;    3;  0.03;  -999;  -999;-999;eor
       3155;201111300052;201111300052;    3;  0.01;  -999;  -999;-999;eor
       3155;201111300053;201111300053;    3;  0.00;  -999;  -999;-999;eor
       3155;201111300054;201111300054;    3;  0.00;  -999;  -999;-999;eor
       3155;201111300055;201111300055;    3;  0.00;  -999;  -999;-999;eor
       3155;201111300056;201111300056;    3;  0.00;  -999;  -999;-999;eor
       3155;201111300057;201111300057;    3;  0.00;  -999;  -999;-999;eor
       3155;201111300058;201111300058;    3;  0.00;  -999;  -999;-999;eor
       3155;201111300059;201111300059;    3;  0.00;  -999;  -999;-999;eor
       3155;201111300100;201111300100;    3;  0.04;  -999;  -999;-999;eor
       3155;201111300101;201111300101;    3;  0.01;  -999;  -999;-999;eor
       3155;201111300102;201111300102;    3;  0.00;  -999;  -999;-999;eor
       3155;201111300103;201111300103;    3;  0.00;  -999;  -999;-999;eor
       3155;201111300104;201111300104;    3;  0.00;  -999;  -999;-999;eor
       3155;201111300105;201111300105;    3;  0.00;  -999;  -999;-999;eor
       3155;201111300106;201111300106;    3;  0.00;  -999;  -999;-999;eor
       3155;201111300107;201111300107;    3;  0.00;  -999;  -999;-999;eor
       3155;201111300108;201111300108;    3;  0.00;  -999;  -999;-999;eor
       3155;201111300109;201111300109;    3;  0.00;  -999;  -999;-999;eor
       3155;201111300110;201111300110;    3;  0.00;  -999;  -999;-999;eor
       3155;201111300111;201111300111;    3;  0.00;  -999;  -999;-999;eor
       3155;201111300112;201111300112;    3;  0.00;  -999;  -999;-999;eor
       3155;201111300113;201111300113;    3;  0.00;  -999;  -999;-999;eor
       3155;201111300114;201111300114;    3;  0.00;  -999;  -999;-999;eor
       3155;201111300115;201111300115;    3;  0.03;  -999;  -999;-999;eor
       3155;201111300116;201111300116;    3;  0.00;  -999;  -999;-999;eor
       3155;201111300117;201111300117;    3;  0.00;  -999;  -999;-999;eor
       3155;201111300118;201111300118;    3;  0.00;  -999;  -999;-999;eor
       3155;201111300119;201111300119;    3;  0.00;  -999;  -999;-999;eor
       3155;201111300120;201111300120;    3;  0.00;  -999;  -999;-999;eor
       3155;201111300121;201111300121;    3;  0.00;  -999;  -999;-999;eor
       3155;201111300122;201111300122;    3;  0.00;  -999;  -999;-999;eor
       3155;201111300123;201111300123;    3;  0.00;  -999;  -999;-999;eor
       3155;201111300124;201111300124;    3;  0.00;  -999;  -999;-999;eor
       3155;201111300125;201111300125;    3;  0.00;  -999;  -999;-999;eor
       3155;201111300126;201111300126;    3;  0.00;  -999;  -999;-999;eor
       3155;201111300127;201111300127;    3;  0.00;  -999;  -999;-999;eor
       3155;201111300128;201111300128;    3;  0.00;  -999;  -999;-999;eor
       3155;201111300129;201111300129;    3;  0.00;  -999;  -999;-999;eor
       3155;201111300130;201111300130;    3;  0.00;  -999;  -999;-999;eor
       3155;201111300131;201111300131;    3;  0.00;  -999;  -999;-999;eor
       3155;201111300132;201111300132;    3;  0.00;  -999;  -999;-999;eor
       3155;201111300133;201111300133;    3;  0.00;  -999;  -999;-999;eor
       3155;201111300134;201111300134;    3;  0.00;  -999;  -999;-999;eor
       3155;201111300135;201111300135;    3;  0.00;  -999;  -999;-999;eor
       3155;201111300136;201111300136;    3;  0.00;  -999;  -999;-999;eor
       3155;201111300137;201111300137;    3;  0.00;  -999;  -999;-999;eor
       3155;201111300138;201111300138;    3;  0.00;  -999;  -999;-999;eor
       3155;201111300139;201111300139;    3;  0.00;  -999;  -999;-999;eor
       3155;201111300140;201111300140;    3;  0.00;  -999;  -999;-999;eor
       3155;201111300141;201111300141;    3;  0.00;  -999;  -999;-999;eor
       3155;201111300142;201111300142;    3;  0.00;  -999;  -999;-999;eor
       3155;201111300143;201111300143;    3;  0.00;  -999;  -999;-999;eor
       3155;201111300144;201111300144;    3;  0.00;  -999;  -999;-999;eor
       3155;201111300145;201111300145;    3;  0.00;  -999;  -999;-999;eor
       3155;201111300146;201111300146;    3;  0.00;  -999;  -999;-999;eor
       3155;201111300147;201111300147;    3;  0.00;  -999;  -999;-999;eor
       3155;201111300148;201111300148;    3;  0.00;  -999;  -999;-999;eor
       3155;201111300149;201111300149;    3;  0.00;  -999;  -999;-999;eor
       3155;201111300150;201111300150;    3;  0.00;  -999;  -999;-999;eor
       3155;201111300151;201111300151;    3;  0.00;  -999;  -999;-999;eor
       3155;201111300152;201111300152;    3;  0.00;  -999;  -999;-999;eor
       3155;201111300153;201111300153;    3;  0.00;  -999;  -999;-999;eor
       3155;201111300154;201111300154;    3;  0.00;  -999;  -999;-999;eor
       3155;201111300155;201111300155;    3;  0.00;  -999;  -999;-999;eor
       3155;201111300156;201111300156;    3;  0.00;  -999;  -999;-999;eor
       3155;201111300157;201111300157;    3;  0.00;  -999;  -999;-999;eor
       3155;201111300158;201111300158;    3;  0.00;  -999;  -999;-999;eor
       3155;201111300159;201111300159;    3;  0.00;  -999;  -999;-999;eor
       3155;201111300200;201111300259;    3;  0.00;  -999;  -999;-999;eor
       3155;201111300300;201111300359;    3;  0.00;  -999;  -999;-999;eor
       3155;201111300400;201111300459;    3;  0.00;  -999;  -999;-999;eor
       3155;201111300500;201111300559;    3;  0.00;  -999;  -999;-999;eor
       3155;201111300600;201111300659;    3;  0.00;  -999;  -999;-999;eor
       3155;201111300700;201111300759;    3;  0.00;  -999;  -999;-999;eor
       3155;201111300800;201111300859;    3;  0.00;  -999;  -999;-999;eor
       3155;201111300900;201111300959;    3;  0.00;  -999;  -999;-999;eor
       3155;201111301000;201111301059;    3;  0.00;  -999;  -999;-999;eor
       3155;201111301100;201111301159;    3;  0.00;  -999;  -999;-999;eor
       3155;201111301200;201111301259;    3;  0.00;  -999;  -999;-999;eor
       3155;201111301300;201111301359;    3;  0.00;  -999;  -999;-999;eor
       3155;201111301400;201111301459;    3;  0.00;  -999;  -999;-999;eor
       3155;201111301500;201111301559;    3;  0.00;  -999;  -999;-999;eor
       3155;201111301600;201111301659;    3;  0.00;  -999;  -999;-999;eor
       3155;201111301700;201111301759;    3;  0.00;  -999;  -999;-999;eor
       3155;201111301800;201111301859;    3;  0.00;  -999;  -999;-999;eor
       3155;201111301900;201111301959;    3;  0.00;  -999;  -999;-999;eor
       3155;201111302000;201111302059;    3;  0.00;  -999;  -999;-999;eor
       3155;201111302100;201111302159;    3;  0.00;  -999;  -999;-999;eor
       3155;201111302200;201111302259;    3;  0.00;  -999;  -999;-999;eor
       3155;201111302300;201111302359;    3;  0.00;  -999;  -999;-999;eor
