STATIONS_ID;MESS_DATUM_BEGINN;MESS_DATUM_ENDE;QN;RS_01;RTH_01;RWH_01;RS_IND_01;eor
       2213;201111010000;201111012359;    3;  0.00;  -999;  -999;-999;eor
       2213;201111020000;201111020059;    3;  0.00;  -999;  -999;-999;eor
       2213;201111020100;201111020159;    3;  0.00;  -999;  -999;-999;eor
       2213;201111020200;201111020259;    3;  0.00;  -999;  -999;-999;eor
       2213;201111020300;201111020359;    3;  0.00;  -999;  -999;-999;eor
       2213;201111020400;201111020400;    3;  0.00;  -999;  -999;-999;eor
       2213;201111020401;201111020401;    3;  0.00;  -999;  -999;-999;eor
       2213;201111020402;201111020402;    3;  0.00;  -999;  -999;-999;eor
       2213;201111020403;201111020403;    3;  0.00;  -999;  -999;-999;eor
       2213;201111020404;201111020404;    3;  0.00;  -999;  -999;-999;eor
       2213;201111020405;201111020405;    3;  0.00;  -999;  -999;-999;eor
       2213;201111020406;201111020406;    3;  0.00;  -999;  -999;-999;eor
       2213;201111020407;201111020407;    3;  0.00;  -999;  -999;-999;eor
       2213;201111020408;201111020408;    3;  0.00;  -999;  -999;-999;eor
       2213;201111020409;201111020409;    3;  0.00;  -999;  -999;-999;eor
       2213;201111020410;201111020410;    3;  0.00;  -999;  -999;-999;eor
       2213;201111020411;201111020411;    3;  0.00;  -999;  -999;-999;eor
       2213;201111020412;201111020412;    3;  0.00;  -999;  -999;-999;eor
       2213;201111020413;201111020413;    3;  0.00;  -999;  -999;-999;eor
       2213;201111020414;201111020414;    3;  0.00;  -999;  -999;-999;eor
       2213;201111020415;201111020415;    3;  0.00;  -999;  -999;-999;eor
       2213;201111020416;201111020416;    3;  0.00;  -999;  -999;-999;eor
       2213;201111020417;201111020417;    3;  0.00;  -999;  -999;-999;eor
       2213;201111020418;201111020418;    3;  0.00;  -999;  -999;-999;eor
       2213;201111020419;201111020419;    3;  0.00;  -999;  -999;-999;eor
       2213;201111020420;201111020420;    3;  0.00;  -999;  -999;-999;eor
       2213;201111020421;201111020421;    3;  0.00;  -999;  -999;-999;eor
       2213;201111020422;201111020422;    3;  0.00;  -999;  -999;-999;eor
       2213;201111020423;201111020423;    3;  0.00;  -999;  -999;-999;eor
       2213;201111020424;201111020424;    3;  0.00;  -999;  -999;-999;eor
       2213;201111020425;201111020425;    3;  0.00;  -999;  -999;-999;eor
       2213;201111020426;201111020426;    3;  0.00;  -999;  -999;-999;eor
       2213;201111020427;201111020427;    3;  0.00;  -999;  -999;-999;eor
       2213;201111020428;201111020428;    3;  0.00;  -999;  -999;-999;eor
       2213;201111020429;201111020429;    3;  0.00;  -999;  -999;-999;eor
       2213;201111020430;201111020430;    3;  0.00;  -999;  -999;-999;eor
       2213;201111020431;201111020431;    3;  0.00;  -999;  -999;-999;eor
       2213;201111020432;201111020432;    3;  0.00;  -999;  -999;-999;eor
       2213;201111020433;201111020433;    3;  0.00;  -999;  -999;-999;eor
       2213;201111020434;201111020434;    3;  0.00;  -999;  -999;-999;eor
       2213;201111020435;201111020435;    3;  0.03;  -999;  -999;-999;eor
       2213;201111020436;201111020436;    3;  0.03;  -999;  -999;-999;eor
       2213;201111020437;201111020437;    3;  0.00;  -999;  -999;-999;eor
       2213;201111020438;201111020438;    3;  0.06;  -999;  -999;-999;eor
       2213;201111020439;201111020439;    3;  0.01;  -999;  -999;-999;eor
       2213;201111020440;201111020440;    3;  0.00;  -999;  -999;-999;eor
       2213;201111020441;201111020441;    3;  0.00;  -999;  -999;-999;eor
       2213;201111020442;201111020442;    3;  0.00;  -999;  -999;-999;eor
       2213;201111020443;201111020443;    3;  0.00;  -999;  -999;-999;eor
       2213;201111020444;201111020444;    3;  0.00;  -999;  -999;-999;eor
       2213;201111020445;201111020445;    3;  0.03;  -999;  -999;-999;eor
       2213;201111020446;201111020446;    3;  0.00;  -999;  -999;-999;eor
       2213;201111020447;201111020447;    3;  0.00;  -999;  -999;-999;eor
       2213;201111020448;201111020448;    3;  0.00;  -999;  -999;-999;eor
       2213;201111020449;201111020449;    3;  0.00;  -999;  -999;-999;eor
       2213;201111020450;201111020450;    3;  0.00;  -999;  -999;-999;eor
       2213;201111020451;201111020451;    3;  0.00;  -999;  -999;-999;eor
       2213;201111020452;201111020452;    3;  0.00;  -999;  -999;-999;eor
       2213;201111020453;201111020453;    3;  0.00;  -999;  -999;-999;eor
       2213;201111020454;201111020454;    3;  0.00;  -999;  -999;-999;eor
       2213;201111020455;201111020455;    3;  0.00;  -999;  -999;-999;eor
       2213;201111020456;201111020456;    3;  0.00;  -999;  -999;-999;eor
       2213;201111020457;201111020457;    3;  0.00;  -999;  -999;-999;eor
       2213;201111020458;201111020458;    3;  0.00;  -999;  -999;-999;eor
       2213;201111020459;201111020459;    3;  0.00;  -999;  -999;-999;eor
       2213;201111020500;201111020500;    3;  0.00;  -999;  -999;-999;eor
       2213;201111020501;201111020501;    3;  0.00;  -999;  -999;-999;eor
       2213;201111020502;201111020502;    3;  0.00;  -999;  -999;-999;eor
       2213;201111020503;201111020503;    3;  0.00;  -999;  -999;-999;eor
       2213;201111020504;201111020504;    3;  0.00;  -999;  -999;-999;eor
       2213;201111020505;201111020505;    3;  0.00;  -999;  -999;-999;eor
       2213;201111020506;201111020506;    3;  0.00;  -999;  -999;-999;eor
       2213;201111020507;201111020507;    3;  0.00;  -999;  -999;-999;eor
       2213;201111020508;201111020508;    3;  0.00;  -999;  -999;-999;eor
       2213;201111020509;201111020509;    3;  0.00;  -999;  -999;-999;eor
       2213;201111020510;201111020510;    3;  0.00;  -999;  -999;-999;eor
       2213;201111020511;201111020511;    3;  0.00;  -999;  -999;-999;eor
       2213;201111020512;201111020512;    3;  0.00;  -999;  -999;-999;eor
       2213;201111020513;201111020513;    3;  0.00;  -999;  -999;-999;eor
       2213;201111020514;201111020514;    3;  0.00;  -999;  -999;-999;eor
       2213;201111020515;201111020515;    3;  0.00;  -999;  -999;-999;eor
       2213;201111020516;201111020516;    3;  0.00;  -999;  -999;-999;eor
       2213;201111020517;201111020517;    3;  0.00;  -999;  -999;-999;eor
       2213;201111020518;201111020518;    3;  0.00;  -999;  -999;-999;eor
       2213;201111020519;201111020519;    3;  0.00;  -999;  -999;-999;eor
       2213;201111020520;201111020520;    3;  0.00;  -999;  -999;-999;eor
       2213;201111020521;201111020521;    3;  0.04;  -999;  -999;-999;eor
       2213;201111020522;201111020522;    3;  0.02;  -999;  -999;-999;eor
       2213;201111020523;201111020523;    3;  0.00;  -999;  -999;-999;eor
       2213;201111020524;201111020524;    3;  0.00;  -999;  -999;-999;eor
       2213;201111020525;201111020525;    3;  0.00;  -999;  -999;-999;eor
       2213;201111020526;201111020526;    3;  0.00;  -999;  -999;-999;eor
       2213;201111020527;201111020527;    3;  0.00;  -999;  -999;-999;eor
       2213;201111020528;201111020528;    3;  0.00;  -999;  -999;-999;eor
       2213;201111020529;201111020529;    3;  0.00;  -999;  -999;-999;eor
       2213;201111020530;201111020530;    3;  0.00;  -999;  -999;-999;eor
       2213;201111020531;201111020531;    3;  0.00;  -999;  -999;-999;eor
       2213;201111020532;201111020532;    3;  0.00;  -999;  -999;-999;eor
       2213;201111020533;201111020533;    3;  0.00;  -999;  -999;-999;eor
       2213;201111020534;201111020534;    3;  0.00;  -999;  -999;-999;eor
       2213;201111020535;201111020535;    3;  0.00;  -999;  -999;-999;eor
       2213;201111020536;201111020536;    3;  0.00;  -999;  -999;-999;eor
       2213;201111020537;201111020537;    3;  0.00;  -999;  -999;-999;eor
       2213;201111020538;201111020538;    3;  0.00;  -999;  -999;-999;eor
       2213;201111020539;201111020539;    3;  0.00;  -999;  -999;-999;eor
       2213;201111020540;201111020540;    3;  0.00;  -999;  -999;-999;eor
       2213;201111020541;201111020541;    3;  0.00;  -999;  -999;-999;eor
       2213;201111020542;201111020542;    3;  0.00;  -999;  -999;-999;eor
       2213;201111020543;201111020543;    3;  0.00;  -999;  -999;-999;eor
       2213;201111020544;201111020544;    3;  0.00;  -999;  -999;-999;eor
       2213;201111020545;201111020545;    3;  0.00;  -999;  -999;-999;eor
       2213;201111020546;201111020546;    3;  0.00;  -999;  -999;-999;eor
       2213;201111020547;201111020547;    3;  0.00;  -999;  -999;-999;eor
       2213;201111020548;201111020548;    3;  0.00;  -999;  -999;-999;eor
       2213;201111020549;201111020549;    3;  0.00;  -999;  -999;-999;eor
       2213;201111020550;201111020550;    3;  0.00;  -999;  -999;-999;eor
       2213;201111020551;201111020551;    3;  0.00;  -999;  -999;-999;eor
       2213;201111020552;201111020552;    3;  0.00;  -999;  -999;-999;eor
       2213;201111020553;201111020553;    3;  0.00;  -999;  -999;-999;eor
       2213;201111020554;201111020554;    3;  0.00;  -999;  -999;-999;eor
       2213;201111020555;201111020555;    3;  0.00;  -999;  -999;-999;eor
       2213;201111020556;201111020556;    3;  0.00;  -999;  -999;-999;eor
       2213;201111020557;201111020557;    3;  0.00;  -999;  -999;-999;eor
       2213;201111020558;201111020558;    3;  0.00;  -999;  -999;-999;eor
       2213;201111020559;201111020559;    3;  0.00;  -999;  -999;-999;eor
       2213;201111020600;201111020600;    3;  0.00;  -999;  -999;-999;eor
       2213;201111020601;201111020601;    3;  0.00;  -999;  -999;-999;eor
       2213;201111020602;201111020602;    3;  0.00;  -999;  -999;-999;eor
       2213;201111020603;201111020603;    3;  0.00;  -999;  -999;-999;eor
       2213;201111020604;201111020604;    3;  0.00;  -999;  -999;-999;eor
       2213;201111020605;201111020605;    3;  0.00;  -999;  -999;-999;eor
       2213;201111020606;201111020606;    3;  0.00;  -999;  -999;-999;eor
       2213;201111020607;201111020607;    3;  0.00;  -999;  -999;-999;eor
       2213;201111020608;201111020608;    3;  0.00;  -999;  -999;-999;eor
       2213;201111020609;201111020609;    3;  0.00;  -999;  -999;-999;eor
       2213;201111020610;201111020610;    3;  0.00;  -999;  -999;-999;eor
       2213;201111020611;201111020611;    3;  0.00;  -999;  -999;-999;eor
       2213;201111020612;201111020612;    3;  0.00;  -999;  -999;-999;eor
       2213;201111020613;201111020613;    3;  0.00;  -999;  -999;-999;eor
       2213;201111020614;201111020614;    3;  0.00;  -999;  -999;-999;eor
       2213;201111020615;201111020615;    3;  0.00;  -999;  -999;-999;eor
       2213;201111020616;201111020616;    3;  0.00;  -999;  -999;-999;eor
       2213;201111020617;201111020617;    3;  0.00;  -999;  -999;-999;eor
       2213;201111020618;201111020618;    3;  0.00;  -999;  -999;-999;eor
       2213;201111020619;201111020619;    3;  0.00;  -999;  -999;-999;eor
       2213;201111020620;201111020620;    3;  0.00;  -999;  -999;-999;eor
       2213;201111020621;201111020621;    3;  0.03;  -999;  -999;-999;eor
       2213;201111020622;201111020622;    3;  0.00;  -999;  -999;-999;eor
       2213;201111020623;201111020623;    3;  0.00;  -999;  -999;-999;eor
       2213;201111020624;201111020624;    3;  0.00;  -999;  -999;-999;eor
       2213;201111020625;201111020625;    3;  0.00;  -999;  -999;-999;eor
       2213;201111020626;201111020626;    3;  0.00;  -999;  -999;-999;eor
       2213;201111020627;201111020627;    3;  0.03;  -999;  -999;-999;eor
       2213;201111020628;201111020628;    3;  0.02;  -999;  -999;-999;eor
       2213;201111020629;201111020629;    3;  0.00;  -999;  -999;-999;eor
       2213;201111020630;201111020630;    3;  0.00;  -999;  -999;-999;eor
       2213;201111020631;201111020631;    3;  0.00;  -999;  -999;-999;eor
       2213;201111020632;201111020632;    3;  0.00;  -999;  -999;-999;eor
       2213;201111020633;201111020633;    3;  0.00;  -999;  -999;-999;eor
       2213;201111020634;201111020634;    3;  0.00;  -999;  -999;-999;eor
       2213;201111020635;201111020635;    3;  0.00;  -999;  -999;-999;eor
       2213;201111020636;201111020636;    3;  0.00;  -999;  -999;-999;eor
       2213;201111020637;201111020637;    3;  0.00;  -999;  -999;-999;eor
       2213;201111020638;201111020638;    3;  0.00;  -999;  -999;-999;eor
       2213;201111020639;201111020639;    3;  0.00;  -999;  -999;-999;eor
       2213;201111020640;201111020640;    3;  0.00;  -999;  -999;-999;eor
       2213;201111020641;201111020641;    3;  0.00;  -999;  -999;-999;eor
       2213;201111020642;201111020642;    3;  0.00;  -999;  -999;-999;eor
       2213;201111020643;201111020643;    3;  0.00;  -999;  -999;-999;eor
       2213;201111020644;201111020644;    3;  0.00;  -999;  -999;-999;eor
       2213;201111020645;201111020645;    3;  0.00;  -999;  -999;-999;eor
       2213;201111020646;201111020646;    3;  0.00;  -999;  -999;-999;eor
       2213;201111020647;201111020647;    3;  0.00;  -999;  -999;-999;eor
       2213;201111020648;201111020648;    3;  0.00;  -999;  -999;-999;eor
       2213;201111020649;201111020649;    3;  0.00;  -999;  -999;-999;eor
       2213;201111020650;201111020650;    3;  0.00;  -999;  -999;-999;eor
       2213;201111020651;201111020651;    3;  0.00;  -999;  -999;-999;eor
       2213;201111020652;201111020652;    3;  0.00;  -999;  -999;-999;eor
       2213;201111020653;201111020653;    3;  0.00;  -999;  -999;-999;eor
       2213;201111020654;201111020654;    3;  0.00;  -999;  -999;-999;eor
       2213;201111020655;201111020655;    3;  0.00;  -999;  -999;-999;eor
       2213;201111020656;201111020656;    3;  0.00;  -999;  -999;-999;eor
       2213;201111020657;201111020657;    3;  0.00;  -999;  -999;-999;eor
       2213;201111020658;201111020658;    3;  0.00;  -999;  -999;-999;eor
       2213;201111020659;201111020659;    3;  0.00;  -999;  -999;-999;eor
       2213;201111020700;201111020759;    3;  0.00;  -999;  -999;-999;eor
       2213;201111020800;201111020859;    3;  0.00;  -999;  -999;-999;eor
       2213;201111020900;201111020959;    3;  0.00;  -999;  -999;-999;eor
       2213;201111021000;201111021059;    3;  0.00;  -999;  -999;-999;eor
       2213;201111021100;201111021159;    3;  0.00;  -999;  -999;-999;eor
       2213;201111021200;201111021259;    3;  0.00;  -999;  -999;-999;eor
       2213;201111021300;201111021359;    3;  0.00;  -999;  -999;-999;eor
       2213;201111021400;201111021459;    3;  0.00;  -999;  -999;-999;eor
       2213;201111021500;201111021559;    3;  0.00;  -999;  -999;-999;eor
       2213;201111021600;201111021659;    3;  0.00;  -999;  -999;-999;eor
       2213;201111021700;201111021759;    3;  0.00;  -999;  -999;-999;eor
       2213;201111021800;201111021859;    3;  0.00;  -999;  -999;-999;eor
       2213;201111021900;201111021959;    3;  0.00;  -999;  -999;-999;eor
       2213;201111022000;201111022059;    3;  0.00;  -999;  -999;-999;eor
       2213;201111022100;201111022159;    3;  0.00;  -999;  -999;-999;eor
       2213;201111022200;201111022259;    3;  0.00;  -999;  -999;-999;eor
       2213;201111022300;201111022359;    3;  0.00;  -999;  -999;-999;eor
       2213;201111030000;201111030059;    3;  0.00;  -999;  -999;-999;eor
       2213;201111030100;201111030159;    3;  0.00;  -999;  -999;-999;eor
       2213;201111030200;201111030259;    3;  0.00;  -999;  -999;-999;eor
       2213;201111030300;201111030359;    3;  0.00;  -999;  -999;-999;eor
       2213;201111030400;201111030459;    3;  0.00;  -999;  -999;-999;eor
       2213;201111030500;201111030559;    3;  0.00;  -999;  -999;-999;eor
       2213;201111030600;201111030659;    3;  0.00;  -999;  -999;-999;eor
       2213;201111030700;201111030759;    3;  0.00;  -999;  -999;-999;eor
       2213;201111030800;201111030859;    3;  0.00;  -999;  -999;-999;eor
       2213;201111030900;201111030959;    3;  0.00;  -999;  -999;-999;eor
       2213;201111031000;201111031059;    3;  0.00;  -999;  -999;-999;eor
       2213;201111031100;201111031159;    3;  0.00;  -999;  -999;-999;eor
       2213;201111031200;201111031259;    3;  0.00;  -999;  -999;-999;eor
       2213;201111031300;201111031359;    3;  0.00;  -999;  -999;-999;eor
       2213;201111031400;201111031459;    3;  0.00;  -999;  -999;-999;eor
       2213;201111031500;201111031559;    3;  0.00;  -999;  -999;-999;eor
       2213;201111031600;201111031659;    3;  0.00;  -999;  -999;-999;eor
       2213;201111031700;201111031759;    3;  0.00;  -999;  -999;-999;eor
       2213;201111031800;201111031859;    3;  0.00;  -999;  -999;-999;eor
       2213;201111031900;201111031959;    3;  0.00;  -999;  -999;-999;eor
       2213;201111032000;201111032059;    3;  0.00;  -999;  -999;-999;eor
       2213;201111032100;201111032159;    3;  0.00;  -999;  -999;-999;eor
       2213;201111032200;201111032259;    3;  0.00;  -999;  -999;-999;eor
       2213;201111032300;201111032300;    3;  0.00;  -999;  -999;-999;eor
       2213;201111032301;201111032301;    3;  0.00;  -999;  -999;-999;eor
       2213;201111032302;201111032302;    3;  0.00;  -999;  -999;-999;eor
       2213;201111032303;201111032303;    3;  0.00;  -999;  -999;-999;eor
       2213;201111032304;201111032304;    3;  0.00;  -999;  -999;-999;eor
       2213;201111032305;201111032305;    3;  0.03;  -999;  -999;-999;eor
       2213;201111032306;201111032306;    3;  0.02;  -999;  -999;-999;eor
       2213;201111032307;201111032307;    3;  0.00;  -999;  -999;-999;eor
       2213;201111032308;201111032308;    3;  0.04;  -999;  -999;-999;eor
       2213;201111032309;201111032309;    3;  0.02;  -999;  -999;-999;eor
       2213;201111032310;201111032310;    3;  0.05;  -999;  -999;-999;eor
       2213;201111032311;201111032311;    3;  0.04;  -999;  -999;-999;eor
       2213;201111032312;201111032312;    3;  0.03;  -999;  -999;-999;eor
       2213;201111032313;201111032313;    3;  0.00;  -999;  -999;-999;eor
       2213;201111032314;201111032314;    3;  0.05;  -999;  -999;-999;eor
       2213;201111032315;201111032315;    3;  0.06;  -999;  -999;-999;eor
       2213;201111032316;201111032316;    3;  0.05;  -999;  -999;-999;eor
       2213;201111032317;201111032317;    3;  0.02;  -999;  -999;-999;eor
       2213;201111032318;201111032318;    3;  0.00;  -999;  -999;-999;eor
       2213;201111032319;201111032319;    3;  0.04;  -999;  -999;-999;eor
       2213;201111032320;201111032320;    3;  0.02;  -999;  -999;-999;eor
       2213;201111032321;201111032321;    3;  0.00;  -999;  -999;-999;eor
       2213;201111032322;201111032322;    3;  0.04;  -999;  -999;-999;eor
       2213;201111032323;201111032323;    3;  0.02;  -999;  -999;-999;eor
       2213;201111032324;201111032324;    3;  0.00;  -999;  -999;-999;eor
       2213;201111032325;201111032325;    3;  0.05;  -999;  -999;-999;eor
       2213;201111032326;201111032326;    3;  0.03;  -999;  -999;-999;eor
       2213;201111032327;201111032327;    3;  0.00;  -999;  -999;-999;eor
       2213;201111032328;201111032328;    3;  0.05;  -999;  -999;-999;eor
       2213;201111032329;201111032329;    3;  0.03;  -999;  -999;-999;eor
       2213;201111032330;201111032330;    3;  0.00;  -999;  -999;-999;eor
       2213;201111032331;201111032331;    3;  0.04;  -999;  -999;-999;eor
       2213;201111032332;201111032332;    3;  0.01;  -999;  -999;-999;eor
       2213;201111032333;201111032333;    3;  0.00;  -999;  -999;-999;eor
       2213;201111032334;201111032334;    3;  0.04;  -999;  -999;-999;eor
       2213;201111032335;201111032335;    3;  0.02;  -999;  -999;-999;eor
       2213;201111032336;201111032336;    3;  0.00;  -999;  -999;-999;eor
       2213;201111032337;201111032337;    3;  0.00;  -999;  -999;-999;eor
       2213;201111032338;201111032338;    3;  0.04;  -999;  -999;-999;eor
       2213;201111032339;201111032339;    3;  0.01;  -999;  -999;-999;eor
       2213;201111032340;201111032340;    3;  0.00;  -999;  -999;-999;eor
       2213;201111032341;201111032341;    3;  0.04;  -999;  -999;-999;eor
       2213;201111032342;201111032342;    3;  0.02;  -999;  -999;-999;eor
       2213;201111032343;201111032343;    3;  0.00;  -999;  -999;-999;eor
       2213;201111032344;201111032344;    3;  0.05;  -999;  -999;-999;eor
       2213;201111032345;201111032345;    3;  0.03;  -999;  -999;-999;eor
       2213;201111032346;201111032346;    3;  0.03;  -999;  -999;-999;eor
       2213;201111032347;201111032347;    3;  0.03;  -999;  -999;-999;eor
       2213;201111032348;201111032348;    3;  0.02;  -999;  -999;-999;eor
       2213;201111032349;201111032349;    3;  0.00;  -999;  -999;-999;eor
       2213;201111032350;201111032350;    3;  0.00;  -999;  -999;-999;eor
       2213;201111032351;201111032351;    3;  0.04;  -999;  -999;-999;eor
       2213;201111032352;201111032352;    3;  0.02;  -999;  -999;-999;eor
       2213;201111032353;201111032353;    3;  0.00;  -999;  -999;-999;eor
       2213;201111032354;201111032354;    3;  0.03;  -999;  -999;-999;eor
       2213;201111032355;201111032355;    3;  0.01;  -999;  -999;-999;eor
       2213;201111032356;201111032356;    3;  0.00;  -999;  -999;-999;eor
       2213;201111032357;201111032357;    3;  0.00;  -999;  -999;-999;eor
       2213;201111032358;201111032358;    3;  0.04;  -999;  -999;-999;eor
       2213;201111032359;201111032359;    3;  0.02;  -999;  -999;-999;eor
       2213;201111040000;201111040000;    3;  0.00;  -999;  -999;-999;eor
       2213;201111040001;201111040001;    3;  0.04;  -999;  -999;-999;eor
       2213;201111040002;201111040002;    3;  0.02;  -999;  -999;-999;eor
       2213;201111040003;201111040003;    3;  0.00;  -999;  -999;-999;eor
       2213;201111040004;201111040004;    3;  0.04;  -999;  -999;-999;eor
       2213;201111040005;201111040005;    3;  0.02;  -999;  -999;-999;eor
       2213;201111040006;201111040006;    3;  0.00;  -999;  -999;-999;eor
       2213;201111040007;201111040007;    3;  0.03;  -999;  -999;-999;eor
       2213;201111040008;201111040008;    3;  0.01;  -999;  -999;-999;eor
       2213;201111040009;201111040009;    3;  0.00;  -999;  -999;-999;eor
       2213;201111040010;201111040010;    3;  0.04;  -999;  -999;-999;eor
       2213;201111040011;201111040011;    3;  0.03;  -999;  -999;-999;eor
       2213;201111040012;201111040012;    3;  0.04;  -999;  -999;-999;eor
       2213;201111040013;201111040013;    3;  0.03;  -999;  -999;-999;eor
       2213;201111040014;201111040014;    3;  0.00;  -999;  -999;-999;eor
       2213;201111040015;201111040015;    3;  0.05;  -999;  -999;-999;eor
       2213;201111040016;201111040016;    3;  0.03;  -999;  -999;-999;eor
       2213;201111040017;201111040017;    3;  0.00;  -999;  -999;-999;eor
       2213;201111040018;201111040018;    3;  0.04;  -999;  -999;-999;eor
       2213;201111040019;201111040019;    3;  0.02;  -999;  -999;-999;eor
       2213;201111040020;201111040020;    3;  0.00;  -999;  -999;-999;eor
       2213;201111040021;201111040021;    3;  0.04;  -999;  -999;-999;eor
       2213;201111040022;201111040022;    3;  0.01;  -999;  -999;-999;eor
       2213;201111040023;201111040023;    3;  0.00;  -999;  -999;-999;eor
       2213;201111040024;201111040024;    3;  0.00;  -999;  -999;-999;eor
       2213;201111040025;201111040025;    3;  0.00;  -999;  -999;-999;eor
       2213;201111040026;201111040026;    3;  0.03;  -999;  -999;-999;eor
       2213;201111040027;201111040027;    3;  0.01;  -999;  -999;-999;eor
       2213;201111040028;201111040028;    3;  0.00;  -999;  -999;-999;eor
       2213;201111040029;201111040029;    3;  0.00;  -999;  -999;-999;eor
       2213;201111040030;201111040030;    3;  0.00;  -999;  -999;-999;eor
       2213;201111040031;201111040031;    3;  0.00;  -999;  -999;-999;eor
       2213;201111040032;201111040032;    3;  0.03;  -999;  -999;-999;eor
       2213;201111040033;201111040033;    3;  0.01;  -999;  -999;-999;eor
       2213;201111040034;201111040034;    3;  0.00;  -999;  -999;-999;eor
       2213;201111040035;201111040035;    3;  0.00;  -999;  -999;-999;eor
       2213;201111040036;201111040036;    3;  0.00;  -999;  -999;-999;eor
       2213;201111040037;201111040037;    3;  0.00;  -999;  -999;-999;eor
       2213;201111040038;201111040038;    3;  0.04;  -999;  -999;-999;eor
       2213;201111040039;201111040039;    3;  0.01;  -999;  -999;-999;eor
       2213;201111040040;201111040040;    3;  0.00;  -999;  -999;-999;eor
       2213;201111040041;201111040041;    3;  0.00;  -999;  -999;-999;eor
       2213;201111040042;201111040042;    3;  0.03;  -999;  -999;-999;eor
       2213;201111040043;201111040043;    3;  0.01;  -999;  -999;-999;eor
       2213;201111040044;201111040044;    3;  0.00;  -999;  -999;-999;eor
       2213;201111040045;201111040045;    3;  0.00;  -999;  -999;-999;eor
       2213;201111040046;201111040046;    3;  0.00;  -999;  -999;-999;eor
       2213;201111040047;201111040047;    3;  0.00;  -999;  -999;-999;eor
       2213;201111040048;201111040048;    3;  0.00;  -999;  -999;-999;eor
       2213;201111040049;201111040049;    3;  0.03;  -999;  -999;-999;eor
       2213;201111040050;201111040050;    3;  0.00;  -999;  -999;-999;eor
       2213;201111040051;201111040051;    3;  0.00;  -999;  -999;-999;eor
       2213;201111040052;201111040052;    3;  0.00;  -999;  -999;-999;eor
       2213;201111040053;201111040053;    3;  0.00;  -999;  -999;-999;eor
       2213;201111040054;201111040054;    3;  0.00;  -999;  -999;-999;eor
       2213;201111040055;201111040055;    3;  0.03;  -999;  -999;-999;eor
       2213;201111040056;201111040056;    3;  0.01;  -999;  -999;-999;eor
       2213;201111040057;201111040057;    3;  0.00;  -999;  -999;-999;eor
       2213;201111040058;201111040058;    3;  0.00;  -999;  -999;-999;eor
       2213;201111040059;201111040059;    3;  0.00;  -999;  -999;-999;eor
       2213;201111040100;201111040100;    3;  0.00;  -999;  -999;-999;eor
       2213;201111040101;201111040101;    3;  0.00;  -999;  -999;-999;eor
       2213;201111040102;201111040102;    3;  0.00;  -999;  -999;-999;eor
       2213;201111040103;201111040103;    3;  0.00;  -999;  -999;-999;eor
       2213;201111040104;201111040104;    3;  0.00;  -999;  -999;-999;eor
       2213;201111040105;201111040105;    3;  0.00;  -999;  -999;-999;eor
       2213;201111040106;201111040106;    3;  0.00;  -999;  -999;-999;eor
       2213;201111040107;201111040107;    3;  0.00;  -999;  -999;-999;eor
       2213;201111040108;201111040108;    3;  0.03;  -999;  -999;-999;eor
       2213;201111040109;201111040109;    3;  0.00;  -999;  -999;-999;eor
       2213;201111040110;201111040110;    3;  0.00;  -999;  -999;-999;eor
       2213;201111040111;201111040111;    3;  0.00;  -999;  -999;-999;eor
       2213;201111040112;201111040112;    3;  0.00;  -999;  -999;-999;eor
       2213;201111040113;201111040113;    3;  0.00;  -999;  -999;-999;eor
       2213;201111040114;201111040114;    3;  0.00;  -999;  -999;-999;eor
       2213;201111040115;201111040115;    3;  0.00;  -999;  -999;-999;eor
       2213;201111040116;201111040116;    3;  0.00;  -999;  -999;-999;eor
       2213;201111040117;201111040117;    3;  0.00;  -999;  -999;-999;eor
       2213;201111040118;201111040118;    3;  0.00;  -999;  -999;-999;eor
       2213;201111040119;201111040119;    3;  0.00;  -999;  -999;-999;eor
       2213;201111040120;201111040120;    3;  0.00;  -999;  -999;-999;eor
       2213;201111040121;201111040121;    3;  0.00;  -999;  -999;-999;eor
       2213;201111040122;201111040122;    3;  0.00;  -999;  -999;-999;eor
       2213;201111040123;201111040123;    3;  0.00;  -999;  -999;-999;eor
       2213;201111040124;201111040124;    3;  0.00;  -999;  -999;-999;eor
       2213;201111040125;201111040125;    3;  0.00;  -999;  -999;-999;eor
       2213;201111040126;201111040126;    3;  0.00;  -999;  -999;-999;eor
       2213;201111040127;201111040127;    3;  0.00;  -999;  -999;-999;eor
       2213;201111040128;201111040128;    3;  0.00;  -999;  -999;-999;eor
       2213;201111040129;201111040129;    3;  0.00;  -999;  -999;-999;eor
       2213;201111040130;201111040130;    3;  0.00;  -999;  -999;-999;eor
       2213;201111040131;201111040131;    3;  0.00;  -999;  -999;-999;eor
       2213;201111040132;201111040132;    3;  0.00;  -999;  -999;-999;eor
       2213;201111040133;201111040133;    3;  0.00;  -999;  -999;-999;eor
       2213;201111040134;201111040134;    3;  0.00;  -999;  -999;-999;eor
       2213;201111040135;201111040135;    3;  0.00;  -999;  -999;-999;eor
       2213;201111040136;201111040136;    3;  0.00;  -999;  -999;-999;eor
       2213;201111040137;201111040137;    3;  0.00;  -999;  -999;-999;eor
       2213;201111040138;201111040138;    3;  0.00;  -999;  -999;-999;eor
       2213;201111040139;201111040139;    3;  0.00;  -999;  -999;-999;eor
       2213;201111040140;201111040140;    3;  0.00;  -999;  -999;-999;eor
       2213;201111040141;201111040141;    3;  0.00;  -999;  -999;-999;eor
       2213;201111040142;201111040142;    3;  0.00;  -999;  -999;-999;eor
       2213;201111040143;201111040143;    3;  0.00;  -999;  -999;-999;eor
       2213;201111040144;201111040144;    3;  0.00;  -999;  -999;-999;eor
       2213;201111040145;201111040145;    3;  0.00;  -999;  -999;-999;eor
       2213;201111040146;201111040146;    3;  0.00;  -999;  -999;-999;eor
       2213;201111040147;201111040147;    3;  0.00;  -999;  -999;-999;eor
       2213;201111040148;201111040148;    3;  0.00;  -999;  -999;-999;eor
       2213;201111040149;201111040149;    3;  0.00;  -999;  -999;-999;eor
       2213;201111040150;201111040150;    3;  0.00;  -999;  -999;-999;eor
       2213;201111040151;201111040151;    3;  0.00;  -999;  -999;-999;eor
       2213;201111040152;201111040152;    3;  0.00;  -999;  -999;-999;eor
       2213;201111040153;201111040153;    3;  0.00;  -999;  -999;-999;eor
       2213;201111040154;201111040154;    3;  0.00;  -999;  -999;-999;eor
       2213;201111040155;201111040155;    3;  0.00;  -999;  -999;-999;eor
       2213;201111040156;201111040156;    3;  0.00;  -999;  -999;-999;eor
       2213;201111040157;201111040157;    3;  0.00;  -999;  -999;-999;eor
       2213;201111040158;201111040158;    3;  0.00;  -999;  -999;-999;eor
       2213;201111040159;201111040159;    3;  0.00;  -999;  -999;-999;eor
       2213;201111040200;201111040259;    3;  0.00;  -999;  -999;-999;eor
       2213;201111040300;201111040359;    3;  0.00;  -999;  -999;-999;eor
       2213;201111040400;201111040459;    3;  0.00;  -999;  -999;-999;eor
       2213;201111040500;201111040559;    3;  0.00;  -999;  -999;-999;eor
       2213;201111040600;201111040659;    3;  0.00;  -999;  -999;-999;eor
       2213;201111040700;201111040759;    3;  0.00;  -999;  -999;-999;eor
       2213;201111040800;201111040859;    3;  0.00;  -999;  -999;-999;eor
       2213;201111040900;201111040959;    3;  0.00;  -999;  -999;-999;eor
       2213;201111041000;201111041059;    3;  0.00;  -999;  -999;-999;eor
       2213;201111041100;201111041159;    3;  0.00;  -999;  -999;-999;eor
       2213;201111041200;201111041259;    3;  0.00;  -999;  -999;-999;eor
       2213;201111041300;201111041359;    3;  0.00;  -999;  -999;-999;eor
       2213;201111041400;201111041459;    3;  0.00;  -999;  -999;-999;eor
       2213;201111041500;201111041559;    3;  0.00;  -999;  -999;-999;eor
       2213;201111041600;201111041659;    3;  0.00;  -999;  -999;-999;eor
       2213;201111041700;201111041759;    3;  0.00;  -999;  -999;-999;eor
       2213;201111041800;201111041800;    3;  0.00;  -999;  -999;-999;eor
       2213;201111041801;201111041801;    3;  0.03;  -999;  -999;-999;eor
       2213;201111041802;201111041802;    3;  0.01;  -999;  -999;-999;eor
       2213;201111041803;201111041803;    3;  0.00;  -999;  -999;-999;eor
       2213;201111041804;201111041804;    3;  0.00;  -999;  -999;-999;eor
       2213;201111041805;201111041805;    3;  0.00;  -999;  -999;-999;eor
       2213;201111041806;201111041806;    3;  0.00;  -999;  -999;-999;eor
       2213;201111041807;201111041807;    3;  0.00;  -999;  -999;-999;eor
       2213;201111041808;201111041808;    3;  0.00;  -999;  -999;-999;eor
       2213;201111041809;201111041809;    3;  0.00;  -999;  -999;-999;eor
       2213;201111041810;201111041810;    3;  0.00;  -999;  -999;-999;eor
       2213;201111041811;201111041811;    3;  0.00;  -999;  -999;-999;eor
       2213;201111041812;201111041812;    3;  0.00;  -999;  -999;-999;eor
       2213;201111041813;201111041813;    3;  0.00;  -999;  -999;-999;eor
       2213;201111041814;201111041814;    3;  0.00;  -999;  -999;-999;eor
       2213;201111041815;201111041815;    3;  0.00;  -999;  -999;-999;eor
       2213;201111041816;201111041816;    3;  0.00;  -999;  -999;-999;eor
       2213;201111041817;201111041817;    3;  0.03;  -999;  -999;-999;eor
       2213;201111041818;201111041818;    3;  0.00;  -999;  -999;-999;eor
       2213;201111041819;201111041819;    3;  0.00;  -999;  -999;-999;eor
       2213;201111041820;201111041820;    3;  0.00;  -999;  -999;-999;eor
       2213;201111041821;201111041821;    3;  0.00;  -999;  -999;-999;eor
       2213;201111041822;201111041822;    3;  0.00;  -999;  -999;-999;eor
       2213;201111041823;201111041823;    3;  0.00;  -999;  -999;-999;eor
       2213;201111041824;201111041824;    3;  0.00;  -999;  -999;-999;eor
       2213;201111041825;201111041825;    3;  0.00;  -999;  -999;-999;eor
       2213;201111041826;201111041826;    3;  0.00;  -999;  -999;-999;eor
       2213;201111041827;201111041827;    3;  0.00;  -999;  -999;-999;eor
       2213;201111041828;201111041828;    3;  0.00;  -999;  -999;-999;eor
       2213;201111041829;201111041829;    3;  0.00;  -999;  -999;-999;eor
       2213;201111041830;201111041830;    3;  0.00;  -999;  -999;-999;eor
       2213;201111041831;201111041831;    3;  0.00;  -999;  -999;-999;eor
       2213;201111041832;201111041832;    3;  0.00;  -999;  -999;-999;eor
       2213;201111041833;201111041833;    3;  0.00;  -999;  -999;-999;eor
       2213;201111041834;201111041834;    3;  0.00;  -999;  -999;-999;eor
       2213;201111041835;201111041835;    3;  0.00;  -999;  -999;-999;eor
       2213;201111041836;201111041836;    3;  0.00;  -999;  -999;-999;eor
       2213;201111041837;201111041837;    3;  0.00;  -999;  -999;-999;eor
       2213;201111041838;201111041838;    3;  0.00;  -999;  -999;-999;eor
       2213;201111041839;201111041839;    3;  0.00;  -999;  -999;-999;eor
       2213;201111041840;201111041840;    3;  0.00;  -999;  -999;-999;eor
       2213;201111041841;201111041841;    3;  0.00;  -999;  -999;-999;eor
       2213;201111041842;201111041842;    3;  0.00;  -999;  -999;-999;eor
       2213;201111041843;201111041843;    3;  0.00;  -999;  -999;-999;eor
       2213;201111041844;201111041844;    3;  0.00;  -999;  -999;-999;eor
       2213;201111041845;201111041845;    3;  0.00;  -999;  -999;-999;eor
       2213;201111041846;201111041846;    3;  0.00;  -999;  -999;-999;eor
       2213;201111041847;201111041847;    3;  0.00;  -999;  -999;-999;eor
       2213;201111041848;201111041848;    3;  0.00;  -999;  -999;-999;eor
       2213;201111041849;201111041849;    3;  0.00;  -999;  -999;-999;eor
       2213;201111041850;201111041850;    3;  0.00;  -999;  -999;-999;eor
       2213;201111041851;201111041851;    3;  0.00;  -999;  -999;-999;eor
       2213;201111041852;201111041852;    3;  0.00;  -999;  -999;-999;eor
       2213;201111041853;201111041853;    3;  0.00;  -999;  -999;-999;eor
       2213;201111041854;201111041854;    3;  0.00;  -999;  -999;-999;eor
       2213;201111041855;201111041855;    3;  0.00;  -999;  -999;-999;eor
       2213;201111041856;201111041856;    3;  0.00;  -999;  -999;-999;eor
       2213;201111041857;201111041857;    3;  0.00;  -999;  -999;-999;eor
       2213;201111041858;201111041858;    3;  0.00;  -999;  -999;-999;eor
       2213;201111041859;201111041859;    3;  0.00;  -999;  -999;-999;eor
       2213;201111041900;201111041959;    3;  0.00;  -999;  -999;-999;eor
       2213;201111042000;201111042059;    3;  0.00;  -999;  -999;-999;eor
       2213;201111042100;201111042159;    3;  0.00;  -999;  -999;-999;eor
       2213;201111042200;201111042259;    3;  0.00;  -999;  -999;-999;eor
       2213;201111042300;201111042359;    3;  0.00;  -999;  -999;-999;eor
       2213;201111050000;201111052359;    3;  0.00;  -999;  -999;-999;eor
       2213;201111060000;201111062359;    3;  0.00;  -999;  -999;-999;eor
       2213;201111070000;201111072359;    3;  0.00;  -999;  -999;-999;eor
       2213;201111080000;201111082359;    3;  0.00;  -999;  -999;-999;eor
       2213;201111090000;201111092359;    3;  0.00;  -999;  -999;-999;eor
       2213;201111100000;201111102359;    3;  0.00;  -999;  -999;-999;eor
       2213;201111110000;201111112359;    3;  0.00;  -999;  -999;-999;eor
       2213;201111120000;201111122359;    3;  0.00;  -999;  -999;-999;eor
       2213;201111130000;201111132359;    3;  0.00;  -999;  -999;-999;eor
       2213;201111140000;201111142359;    3;  0.00;  -999;  -999;-999;eor
       2213;201111150000;201111152359;    3;  0.00;  -999;  -999;-999;eor
       2213;201111160000;201111162359;    3;  0.00;  -999;  -999;-999;eor
       2213;201111170000;201111170059;    3;  0.00;  -999;  -999;-999;eor
       2213;201111170100;201111170159;    3;  0.00;  -999;  -999;-999;eor
       2213;201111170200;201111170259;    3;  0.00;  -999;  -999;-999;eor
       2213;201111170300;201111170359;    3;  0.00;  -999;  -999;-999;eor
       2213;201111170400;201111170459;    3;  0.00;  -999;  -999;-999;eor
       2213;201111170500;201111170559;    3;  0.00;  -999;  -999;-999;eor
       2213;201111170600;201111170659;    3;  0.00;  -999;  -999;-999;eor
       2213;201111170700;201111170759;    3;  0.00;  -999;  -999;-999;eor
       2213;201111170800;201111170859;    3;  0.00;  -999;  -999;-999;eor
       2213;201111170900;201111170959;    3;  0.00;  -999;  -999;-999;eor
       2213;201111171000;201111171059;    3;  0.00;  -999;  -999;-999;eor
       2213;201111171100;201111171159;    3;  0.00;  -999;  -999;-999;eor
       2213;201111171200;201111171259;    3;  0.00;  -999;  -999;-999;eor
       2213;201111171300;201111171359;    3;  0.00;  -999;  -999;-999;eor
       2213;201111171400;201111171459;    3;  0.00;  -999;  -999;-999;eor
       2213;201111171500;201111171559;    3;  0.00;  -999;  -999;-999;eor
       2213;201111171600;201111171659;    3;  0.00;  -999;  -999;-999;eor
       2213;201111171700;201111171759;    3;  0.00;  -999;  -999;-999;eor
       2213;201111171800;201111171859;    3;  0.00;  -999;  -999;-999;eor
       2213;201111171900;201111171959;    3;  0.00;  -999;  -999;-999;eor
       2213;201111172000;201111172059;    3;  0.00;  -999;  -999;-999;eor
       2213;201111172100;201111172159;    3;  0.00;  -999;  -999;-999;eor
       2213;201111172200;201111172259;    3;  0.00;  -999;  -999;-999;eor
       2213;201111172300;201111172300;    3;  0.00;  -999;  -999;-999;eor
       2213;201111172301;201111172301;    3;  0.00;  -999;  -999;-999;eor
       2213;201111172302;201111172302;    3;  0.00;  -999;  -999;-999;eor
       2213;201111172303;201111172303;    3;  0.00;  -999;  -999;-999;eor
       2213;201111172304;201111172304;    3;  0.00;  -999;  -999;-999;eor
       2213;201111172305;201111172305;    3;  0.00;  -999;  -999;-999;eor
       2213;201111172306;201111172306;    3;  0.00;  -999;  -999;-999;eor
       2213;201111172307;201111172307;    3;  0.00;  -999;  -999;-999;eor
       2213;201111172308;201111172308;    3;  0.00;  -999;  -999;-999;eor
       2213;201111172309;201111172309;    3;  0.00;  -999;  -999;-999;eor
       2213;201111172310;201111172310;    3;  0.00;  -999;  -999;-999;eor
       2213;201111172311;201111172311;    3;  0.00;  -999;  -999;-999;eor
       2213;201111172312;201111172312;    3;  0.00;  -999;  -999;-999;eor
       2213;201111172313;201111172313;    3;  0.00;  -999;  -999;-999;eor
       2213;201111172314;201111172314;    3;  0.00;  -999;  -999;-999;eor
       2213;201111172315;201111172315;    3;  0.00;  -999;  -999;-999;eor
       2213;201111172316;201111172316;    3;  0.00;  -999;  -999;-999;eor
       2213;201111172317;201111172317;    3;  0.00;  -999;  -999;-999;eor
       2213;201111172318;201111172318;    3;  0.00;  -999;  -999;-999;eor
       2213;201111172319;201111172319;    3;  0.00;  -999;  -999;-999;eor
       2213;201111172320;201111172320;    3;  0.00;  -999;  -999;-999;eor
       2213;201111172321;201111172321;    3;  0.00;  -999;  -999;-999;eor
       2213;201111172322;201111172322;    3;  0.00;  -999;  -999;-999;eor
       2213;201111172323;201111172323;    3;  0.00;  -999;  -999;-999;eor
       2213;201111172324;201111172324;    3;  0.00;  -999;  -999;-999;eor
       2213;201111172325;201111172325;    3;  0.00;  -999;  -999;-999;eor
       2213;201111172326;201111172326;    3;  0.00;  -999;  -999;-999;eor
       2213;201111172327;201111172327;    3;  0.00;  -999;  -999;-999;eor
       2213;201111172328;201111172328;    3;  0.00;  -999;  -999;-999;eor
       2213;201111172329;201111172329;    3;  0.00;  -999;  -999;-999;eor
       2213;201111172330;201111172330;    3;  0.00;  -999;  -999;-999;eor
       2213;201111172331;201111172331;    3;  0.00;  -999;  -999;-999;eor
       2213;201111172332;201111172332;    3;  0.00;  -999;  -999;-999;eor
       2213;201111172333;201111172333;    3;  0.00;  -999;  -999;-999;eor
       2213;201111172334;201111172334;    3;  0.00;  -999;  -999;-999;eor
       2213;201111172335;201111172335;    3;  0.00;  -999;  -999;-999;eor
       2213;201111172336;201111172336;    3;  0.00;  -999;  -999;-999;eor
       2213;201111172337;201111172337;    3;  0.00;  -999;  -999;-999;eor
       2213;201111172338;201111172338;    3;  0.00;  -999;  -999;-999;eor
       2213;201111172339;201111172339;    3;  0.00;  -999;  -999;-999;eor
       2213;201111172340;201111172340;    3;  0.00;  -999;  -999;-999;eor
       2213;201111172341;201111172341;    3;  0.00;  -999;  -999;-999;eor
       2213;201111172342;201111172342;    3;  0.00;  -999;  -999;-999;eor
       2213;201111172343;201111172343;    3;  0.00;  -999;  -999;-999;eor
       2213;201111172344;201111172344;    3;  0.00;  -999;  -999;-999;eor
       2213;201111172345;201111172345;    3;  0.00;  -999;  -999;-999;eor
       2213;201111172346;201111172346;    3;  0.00;  -999;  -999;-999;eor
       2213;201111172347;201111172347;    3;  0.00;  -999;  -999;-999;eor
       2213;201111172348;201111172348;    3;  0.00;  -999;  -999;-999;eor
       2213;201111172349;201111172349;    3;  0.00;  -999;  -999;-999;eor
       2213;201111172350;201111172350;    3;  0.00;  -999;  -999;-999;eor
       2213;201111172351;201111172351;    3;  0.00;  -999;  -999;-999;eor
       2213;201111172352;201111172352;    3;  0.00;  -999;  -999;-999;eor
       2213;201111172353;201111172353;    3;  0.00;  -999;  -999;-999;eor
       2213;201111172354;201111172354;    3;  0.00;  -999;  -999;-999;eor
       2213;201111172355;201111172355;    3;  0.03;  -999;  -999;-999;eor
       2213;201111172356;201111172356;    3;  0.00;  -999;  -999;-999;eor
       2213;201111172357;201111172357;    3;  0.00;  -999;  -999;-999;eor
       2213;201111172358;201111172358;    3;  0.00;  -999;  -999;-999;eor
       2213;201111172359;201111172359;    3;  0.00;  -999;  -999;-999;eor
       2213;201111180000;201111180000;    3;  0.00;  -999;  -999;-999;eor
       2213;201111180001;201111180001;    3;  0.00;  -999;  -999;-999;eor
       2213;201111180002;201111180002;    3;  0.00;  -999;  -999;-999;eor
       2213;201111180003;201111180003;    3;  0.00;  -999;  -999;-999;eor
       2213;201111180004;201111180004;    3;  0.00;  -999;  -999;-999;eor
       2213;201111180005;201111180005;    3;  0.00;  -999;  -999;-999;eor
       2213;201111180006;201111180006;    3;  0.03;  -999;  -999;-999;eor
       2213;201111180007;201111180007;    3;  0.01;  -999;  -999;-999;eor
       2213;201111180008;201111180008;    3;  0.00;  -999;  -999;-999;eor
       2213;201111180009;201111180009;    3;  0.00;  -999;  -999;-999;eor
       2213;201111180010;201111180010;    3;  0.00;  -999;  -999;-999;eor
       2213;201111180011;201111180011;    3;  0.00;  -999;  -999;-999;eor
       2213;201111180012;201111180012;    3;  0.00;  -999;  -999;-999;eor
       2213;201111180013;201111180013;    3;  0.00;  -999;  -999;-999;eor
       2213;201111180014;201111180014;    3;  0.00;  -999;  -999;-999;eor
       2213;201111180015;201111180015;    3;  0.00;  -999;  -999;-999;eor
       2213;201111180016;201111180016;    3;  0.00;  -999;  -999;-999;eor
       2213;201111180017;201111180017;    3;  0.00;  -999;  -999;-999;eor
       2213;201111180018;201111180018;    3;  0.00;  -999;  -999;-999;eor
       2213;201111180019;201111180019;    3;  0.00;  -999;  -999;-999;eor
       2213;201111180020;201111180020;    3;  0.00;  -999;  -999;-999;eor
       2213;201111180021;201111180021;    3;  0.03;  -999;  -999;-999;eor
       2213;201111180022;201111180022;    3;  0.00;  -999;  -999;-999;eor
       2213;201111180023;201111180023;    3;  0.00;  -999;  -999;-999;eor
       2213;201111180024;201111180024;    3;  0.00;  -999;  -999;-999;eor
       2213;201111180025;201111180025;    3;  0.00;  -999;  -999;-999;eor
       2213;201111180026;201111180026;    3;  0.00;  -999;  -999;-999;eor
       2213;201111180027;201111180027;    3;  0.00;  -999;  -999;-999;eor
       2213;201111180028;201111180028;    3;  0.00;  -999;  -999;-999;eor
       2213;201111180029;201111180029;    3;  0.00;  -999;  -999;-999;eor
       2213;201111180030;201111180030;    3;  0.00;  -999;  -999;-999;eor
       2213;201111180031;201111180031;    3;  0.00;  -999;  -999;-999;eor
       2213;201111180032;201111180032;    3;  0.00;  -999;  -999;-999;eor
       2213;201111180033;201111180033;    3;  0.00;  -999;  -999;-999;eor
       2213;201111180034;201111180034;    3;  0.00;  -999;  -999;-999;eor
       2213;201111180035;201111180035;    3;  0.00;  -999;  -999;-999;eor
       2213;201111180036;201111180036;    3;  0.00;  -999;  -999;-999;eor
       2213;201111180037;201111180037;    3;  0.00;  -999;  -999;-999;eor
       2213;201111180038;201111180038;    3;  0.00;  -999;  -999;-999;eor
       2213;201111180039;201111180039;    3;  0.00;  -999;  -999;-999;eor
       2213;201111180040;201111180040;    3;  0.00;  -999;  -999;-999;eor
       2213;201111180041;201111180041;    3;  0.00;  -999;  -999;-999;eor
       2213;201111180042;201111180042;    3;  0.00;  -999;  -999;-999;eor
       2213;201111180043;201111180043;    3;  0.00;  -999;  -999;-999;eor
       2213;201111180044;201111180044;    3;  0.00;  -999;  -999;-999;eor
       2213;201111180045;201111180045;    3;  0.00;  -999;  -999;-999;eor
       2213;201111180046;201111180046;    3;  0.00;  -999;  -999;-999;eor
       2213;201111180047;201111180047;    3;  0.00;  -999;  -999;-999;eor
       2213;201111180048;201111180048;    3;  0.00;  -999;  -999;-999;eor
       2213;201111180049;201111180049;    3;  0.00;  -999;  -999;-999;eor
       2213;201111180050;201111180050;    3;  0.00;  -999;  -999;-999;eor
       2213;201111180051;201111180051;    3;  0.00;  -999;  -999;-999;eor
       2213;201111180052;201111180052;    3;  0.00;  -999;  -999;-999;eor
       2213;201111180053;201111180053;    3;  0.00;  -999;  -999;-999;eor
       2213;201111180054;201111180054;    3;  0.00;  -999;  -999;-999;eor
       2213;201111180055;201111180055;    3;  0.00;  -999;  -999;-999;eor
       2213;201111180056;201111180056;    3;  0.03;  -999;  -999;-999;eor
       2213;201111180057;201111180057;    3;  0.00;  -999;  -999;-999;eor
       2213;201111180058;201111180058;    3;  0.00;  -999;  -999;-999;eor
       2213;201111180059;201111180059;    3;  0.00;  -999;  -999;-999;eor
       2213;201111180100;201111180159;    3;  0.00;  -999;  -999;-999;eor
       2213;201111180200;201111180259;    3;  0.00;  -999;  -999;-999;eor
       2213;201111180300;201111180359;    3;  0.00;  -999;  -999;-999;eor
       2213;201111180400;201111180459;    3;  0.00;  -999;  -999;-999;eor
       2213;201111180500;201111180559;    3;  0.00;  -999;  -999;-999;eor
       2213;201111180600;201111180659;    3;  0.00;  -999;  -999;-999;eor
       2213;201111180700;201111180759;    3;  0.00;  -999;  -999;-999;eor
       2213;201111180800;201111180859;    3;  0.00;  -999;  -999;-999;eor
       2213;201111180900;201111180959;    3;  0.00;  -999;  -999;-999;eor
       2213;201111181000;201111181059;    3;  0.00;  -999;  -999;-999;eor
       2213;201111181100;201111181159;    3;  0.00;  -999;  -999;-999;eor
       2213;201111181200;201111181259;    3;  0.00;  -999;  -999;-999;eor
       2213;201111181300;201111181359;    3;  0.00;  -999;  -999;-999;eor
       2213;201111181400;201111181459;    3;  0.00;  -999;  -999;-999;eor
       2213;201111181500;201111181559;    3;  0.00;  -999;  -999;-999;eor
       2213;201111181600;201111181659;    3;  0.00;  -999;  -999;-999;eor
       2213;201111181700;201111181759;    3;  0.00;  -999;  -999;-999;eor
       2213;201111181800;201111181859;    3;  0.00;  -999;  -999;-999;eor
       2213;201111181900;201111181959;    3;  0.00;  -999;  -999;-999;eor
       2213;201111182000;201111182059;    3;  0.00;  -999;  -999;-999;eor
       2213;201111182100;201111182159;    3;  0.00;  -999;  -999;-999;eor
       2213;201111182200;201111182259;    3;  0.00;  -999;  -999;-999;eor
       2213;201111182300;201111182359;    3;  0.00;  -999;  -999;-999;eor
       2213;201111190000;201111192359;    3;  0.00;  -999;  -999;-999;eor
       2213;201111200000;201111200059;    3;  0.00;  -999;  -999;-999;eor
       2213;201111200100;201111200159;    3;  0.00;  -999;  -999;-999;eor
       2213;201111200200;201111200259;    3;  0.00;  -999;  -999;-999;eor
       2213;201111200300;201111200359;    3;  0.00;  -999;  -999;-999;eor
       2213;201111200400;201111200459;    3;  0.00;  -999;  -999;-999;eor
       2213;201111200500;201111200559;    3;  0.00;  -999;  -999;-999;eor
       2213;201111200600;201111200659;    3;  0.00;  -999;  -999;-999;eor
       2213;201111200700;201111200759;    3;  0.00;  -999;  -999;-999;eor
       2213;201111200800;201111200859;    3;  0.00;  -999;  -999;-999;eor
       2213;201111200900;201111200900;    3;  0.00;  -999;  -999;-999;eor
       2213;201111200901;201111200901;    3;  0.00;  -999;  -999;-999;eor
       2213;201111200902;201111200902;    3;  0.00;  -999;  -999;-999;eor
       2213;201111200903;201111200903;    3;  0.00;  -999;  -999;-999;eor
       2213;201111200904;201111200904;    3;  0.00;  -999;  -999;-999;eor
       2213;201111200905;201111200905;    3;  0.00;  -999;  -999;-999;eor
       2213;201111200906;201111200906;    3;  0.00;  -999;  -999;-999;eor
       2213;201111200907;201111200907;    3;  0.00;  -999;  -999;-999;eor
       2213;201111200908;201111200908;    3;  0.00;  -999;  -999;-999;eor
       2213;201111200909;201111200909;    3;  0.00;  -999;  -999;-999;eor
       2213;201111200910;201111200910;    3;  0.00;  -999;  -999;-999;eor
       2213;201111200911;201111200911;    3;  0.00;  -999;  -999;-999;eor
       2213;201111200912;201111200912;    3;  0.00;  -999;  -999;-999;eor
       2213;201111200913;201111200913;    3;  0.00;  -999;  -999;-999;eor
       2213;201111200914;201111200914;    3;  0.00;  -999;  -999;-999;eor
       2213;201111200915;201111200915;    3;  0.00;  -999;  -999;-999;eor
       2213;201111200916;201111200916;    3;  0.00;  -999;  -999;-999;eor
       2213;201111200917;201111200917;    3;  0.00;  -999;  -999;-999;eor
       2213;201111200918;201111200918;    3;  0.00;  -999;  -999;-999;eor
       2213;201111200919;201111200919;    3;  0.00;  -999;  -999;-999;eor
       2213;201111200920;201111200920;    3;  0.00;  -999;  -999;-999;eor
       2213;201111200921;201111200921;    3;  0.00;  -999;  -999;-999;eor
       2213;201111200922;201111200922;    3;  0.00;  -999;  -999;-999;eor
       2213;201111200923;201111200923;    3;  0.00;  -999;  -999;-999;eor
       2213;201111200924;201111200924;    3;  0.00;  -999;  -999;-999;eor
       2213;201111200925;201111200925;    3;  0.00;  -999;  -999;-999;eor
       2213;201111200926;201111200926;    3;  0.00;  -999;  -999;-999;eor
       2213;201111200927;201111200927;    3;  0.00;  -999;  -999;-999;eor
       2213;201111200928;201111200928;    3;  0.00;  -999;  -999;-999;eor
       2213;201111200929;201111200929;    3;  0.00;  -999;  -999;-999;eor
       2213;201111200930;201111200930;    3;  0.00;  -999;  -999;-999;eor
       2213;201111200931;201111200931;    3;  0.00;  -999;  -999;-999;eor
       2213;201111200932;201111200932;    3;  0.00;  -999;  -999;-999;eor
       2213;201111200933;201111200933;    3;  0.00;  -999;  -999;-999;eor
       2213;201111200934;201111200934;    3;  0.00;  -999;  -999;-999;eor
       2213;201111200935;201111200935;    3;  0.00;  -999;  -999;-999;eor
       2213;201111200936;201111200936;    3;  0.00;  -999;  -999;-999;eor
       2213;201111200937;201111200937;    3;  0.00;  -999;  -999;-999;eor
       2213;201111200938;201111200938;    3;  0.00;  -999;  -999;-999;eor
       2213;201111200939;201111200939;    3;  0.00;  -999;  -999;-999;eor
       2213;201111200940;201111200940;    3;  0.00;  -999;  -999;-999;eor
       2213;201111200941;201111200941;    3;  0.00;  -999;  -999;-999;eor
       2213;201111200942;201111200942;    3;  0.00;  -999;  -999;-999;eor
       2213;201111200943;201111200943;    3;  0.03;  -999;  -999;-999;eor
       2213;201111200944;201111200944;    3;  0.00;  -999;  -999;-999;eor
       2213;201111200945;201111200945;    3;  0.00;  -999;  -999;-999;eor
       2213;201111200946;201111200946;    3;  0.00;  -999;  -999;-999;eor
       2213;201111200947;201111200947;    3;  0.00;  -999;  -999;-999;eor
       2213;201111200948;201111200948;    3;  0.00;  -999;  -999;-999;eor
       2213;201111200949;201111200949;    3;  0.00;  -999;  -999;-999;eor
       2213;201111200950;201111200950;    3;  0.00;  -999;  -999;-999;eor
       2213;201111200951;201111200951;    3;  0.00;  -999;  -999;-999;eor
       2213;201111200952;201111200952;    3;  0.00;  -999;  -999;-999;eor
       2213;201111200953;201111200953;    3;  0.00;  -999;  -999;-999;eor
       2213;201111200954;201111200954;    3;  0.00;  -999;  -999;-999;eor
       2213;201111200955;201111200955;    3;  0.00;  -999;  -999;-999;eor
       2213;201111200956;201111200956;    3;  0.00;  -999;  -999;-999;eor
       2213;201111200957;201111200957;    3;  0.00;  -999;  -999;-999;eor
       2213;201111200958;201111200958;    3;  0.00;  -999;  -999;-999;eor
       2213;201111200959;201111200959;    3;  0.00;  -999;  -999;-999;eor
       2213;201111201000;201111201059;    3;  0.00;  -999;  -999;-999;eor
       2213;201111201100;201111201159;    3;  0.00;  -999;  -999;-999;eor
       2213;201111201200;201111201259;    3;  0.00;  -999;  -999;-999;eor
       2213;201111201300;201111201359;    3;  0.00;  -999;  -999;-999;eor
       2213;201111201400;201111201459;    3;  0.00;  -999;  -999;-999;eor
       2213;201111201500;201111201559;    3;  0.00;  -999;  -999;-999;eor
       2213;201111201600;201111201659;    3;  0.00;  -999;  -999;-999;eor
       2213;201111201700;201111201759;    3;  0.00;  -999;  -999;-999;eor
       2213;201111201800;201111201859;    3;  0.00;  -999;  -999;-999;eor
       2213;201111201900;201111201959;    3;  0.00;  -999;  -999;-999;eor
       2213;201111202000;201111202059;    3;  0.00;  -999;  -999;-999;eor
       2213;201111202100;201111202159;    3;  0.00;  -999;  -999;-999;eor
       2213;201111202200;201111202259;    3;  0.00;  -999;  -999;-999;eor
       2213;201111202300;201111202359;    3;  0.00;  -999;  -999;-999;eor
       2213;201111210000;201111212359;    3;  0.00;  -999;  -999;-999;eor
       2213;201111220000;201111222359;    3;  0.00;  -999;  -999;-999;eor
       2213;201111230000;201111232359;    3;  0.00;  -999;  -999;-999;eor
       2213;201111240000;201111242359;    3;  0.00;  -999;  -999;-999;eor
       2213;201111250000;201111252359;    3;  0.00;  -999;  -999;-999;eor
       2213;201111260000;201111262359;    3;  0.00;  -999;  -999;-999;eor
       2213;201111270000;201111270059;    3;  0.00;  -999;  -999;-999;eor
       2213;201111270100;201111270159;    3;  0.00;  -999;  -999;-999;eor
       2213;201111270200;201111270259;    3;  0.00;  -999;  -999;-999;eor
       2213;201111270300;201111270359;    3;  0.00;  -999;  -999;-999;eor
       2213;201111270400;201111270459;    3;  0.00;  -999;  -999;-999;eor
       2213;201111270500;201111270559;    3;  0.00;  -999;  -999;-999;eor
       2213;201111270600;201111270659;    3;  0.00;  -999;  -999;-999;eor
       2213;201111270700;201111270759;    3;  0.00;  -999;  -999;-999;eor
       2213;201111270800;201111270859;    3;  0.00;  -999;  -999;-999;eor
       2213;201111270900;201111270959;    3;  0.00;  -999;  -999;-999;eor
       2213;201111271000;201111271059;    3;  0.00;  -999;  -999;-999;eor
       2213;201111271100;201111271159;    3;  0.00;  -999;  -999;-999;eor
       2213;201111271200;201111271200;    3;  0.00;  -999;  -999;-999;eor
       2213;201111271201;201111271201;    3;  0.00;  -999;  -999;-999;eor
       2213;201111271202;201111271202;    3;  0.00;  -999;  -999;-999;eor
       2213;201111271203;201111271203;    3;  0.00;  -999;  -999;-999;eor
       2213;201111271204;201111271204;    3;  0.00;  -999;  -999;-999;eor
       2213;201111271205;201111271205;    3;  0.00;  -999;  -999;-999;eor
       2213;201111271206;201111271206;    3;  0.00;  -999;  -999;-999;eor
       2213;201111271207;201111271207;    3;  0.00;  -999;  -999;-999;eor
       2213;201111271208;201111271208;    3;  0.00;  -999;  -999;-999;eor
       2213;201111271209;201111271209;    3;  0.00;  -999;  -999;-999;eor
       2213;201111271210;201111271210;    3;  0.00;  -999;  -999;-999;eor
       2213;201111271211;201111271211;    3;  0.00;  -999;  -999;-999;eor
       2213;201111271212;201111271212;    3;  0.00;  -999;  -999;-999;eor
       2213;201111271213;201111271213;    3;  0.00;  -999;  -999;-999;eor
       2213;201111271214;201111271214;    3;  0.00;  -999;  -999;-999;eor
       2213;201111271215;201111271215;    3;  0.00;  -999;  -999;-999;eor
       2213;201111271216;201111271216;    3;  0.00;  -999;  -999;-999;eor
       2213;201111271217;201111271217;    3;  0.00;  -999;  -999;-999;eor
       2213;201111271218;201111271218;    3;  0.00;  -999;  -999;-999;eor
       2213;201111271219;201111271219;    3;  0.00;  -999;  -999;-999;eor
       2213;201111271220;201111271220;    3;  0.00;  -999;  -999;-999;eor
       2213;201111271221;201111271221;    3;  0.00;  -999;  -999;-999;eor
       2213;201111271222;201111271222;    3;  0.00;  -999;  -999;-999;eor
       2213;201111271223;201111271223;    3;  0.00;  -999;  -999;-999;eor
       2213;201111271224;201111271224;    3;  0.00;  -999;  -999;-999;eor
       2213;201111271225;201111271225;    3;  0.00;  -999;  -999;-999;eor
       2213;201111271226;201111271226;    3;  0.00;  -999;  -999;-999;eor
       2213;201111271227;201111271227;    3;  0.00;  -999;  -999;-999;eor
       2213;201111271228;201111271228;    3;  0.00;  -999;  -999;-999;eor
       2213;201111271229;201111271229;    3;  0.00;  -999;  -999;-999;eor
       2213;201111271230;201111271230;    3;  0.00;  -999;  -999;-999;eor
       2213;201111271231;201111271231;    3;  0.00;  -999;  -999;-999;eor
       2213;201111271232;201111271232;    3;  0.00;  -999;  -999;-999;eor
       2213;201111271233;201111271233;    3;  0.00;  -999;  -999;-999;eor
       2213;201111271234;201111271234;    3;  0.00;  -999;  -999;-999;eor
       2213;201111271235;201111271235;    3;  0.00;  -999;  -999;-999;eor
       2213;201111271236;201111271236;    3;  0.00;  -999;  -999;-999;eor
       2213;201111271237;201111271237;    3;  0.00;  -999;  -999;-999;eor
       2213;201111271238;201111271238;    3;  0.00;  -999;  -999;-999;eor
       2213;201111271239;201111271239;    3;  0.00;  -999;  -999;-999;eor
       2213;201111271240;201111271240;    3;  0.00;  -999;  -999;-999;eor
       2213;201111271241;201111271241;    3;  0.00;  -999;  -999;-999;eor
       2213;201111271242;201111271242;    3;  0.00;  -999;  -999;-999;eor
       2213;201111271243;201111271243;    3;  0.00;  -999;  -999;-999;eor
       2213;201111271244;201111271244;    3;  0.00;  -999;  -999;-999;eor
       2213;201111271245;201111271245;    3;  0.00;  -999;  -999;-999;eor
       2213;201111271246;201111271246;    3;  0.00;  -999;  -999;-999;eor
       2213;201111271247;201111271247;    3;  0.00;  -999;  -999;-999;eor
       2213;201111271248;201111271248;    3;  0.00;  -999;  -999;-999;eor
       2213;201111271249;201111271249;    3;  0.00;  -999;  -999;-999;eor
       2213;201111271250;201111271250;    3;  0.00;  -999;  -999;-999;eor
       2213;201111271251;201111271251;    3;  0.00;  -999;  -999;-999;eor
       2213;201111271252;201111271252;    3;  0.00;  -999;  -999;-999;eor
       2213;201111271253;201111271253;    3;  0.00;  -999;  -999;-999;eor
       2213;201111271254;201111271254;    3;  0.00;  -999;  -999;-999;eor
       2213;201111271255;201111271255;    3;  0.00;  -999;  -999;-999;eor
       2213;201111271256;201111271256;    3;  0.00;  -999;  -999;-999;eor
       2213;201111271257;201111271257;    3;  0.00;  -999;  -999;-999;eor
       2213;201111271258;201111271258;    3;  0.00;  -999;  -999;-999;eor
       2213;201111271259;201111271259;    3;  0.03;  -999;  -999;-999;eor
       2213;201111271300;201111271300;    3;  0.00;  -999;  -999;-999;eor
       2213;201111271301;201111271301;    3;  0.00;  -999;  -999;-999;eor
       2213;201111271302;201111271302;    3;  0.00;  -999;  -999;-999;eor
       2213;201111271303;201111271303;    3;  0.00;  -999;  -999;-999;eor
       2213;201111271304;201111271304;    3;  0.00;  -999;  -999;-999;eor
       2213;201111271305;201111271305;    3;  0.00;  -999;  -999;-999;eor
       2213;201111271306;201111271306;    3;  0.00;  -999;  -999;-999;eor
       2213;201111271307;201111271307;    3;  0.00;  -999;  -999;-999;eor
       2213;201111271308;201111271308;    3;  0.00;  -999;  -999;-999;eor
       2213;201111271309;201111271309;    3;  0.00;  -999;  -999;-999;eor
       2213;201111271310;201111271310;    3;  0.00;  -999;  -999;-999;eor
       2213;201111271311;201111271311;    3;  0.00;  -999;  -999;-999;eor
       2213;201111271312;201111271312;    3;  0.00;  -999;  -999;-999;eor
       2213;201111271313;201111271313;    3;  0.00;  -999;  -999;-999;eor
       2213;201111271314;201111271314;    3;  0.00;  -999;  -999;-999;eor
       2213;201111271315;201111271315;    3;  0.00;  -999;  -999;-999;eor
       2213;201111271316;201111271316;    3;  0.00;  -999;  -999;-999;eor
       2213;201111271317;201111271317;    3;  0.00;  -999;  -999;-999;eor
       2213;201111271318;201111271318;    3;  0.00;  -999;  -999;-999;eor
       2213;201111271319;201111271319;    3;  0.00;  -999;  -999;-999;eor
       2213;201111271320;201111271320;    3;  0.00;  -999;  -999;-999;eor
       2213;201111271321;201111271321;    3;  0.00;  -999;  -999;-999;eor
       2213;201111271322;201111271322;    3;  0.00;  -999;  -999;-999;eor
       2213;201111271323;201111271323;    3;  0.00;  -999;  -999;-999;eor
       2213;201111271324;201111271324;    3;  0.00;  -999;  -999;-999;eor
       2213;201111271325;201111271325;    3;  0.00;  -999;  -999;-999;eor
       2213;201111271326;201111271326;    3;  0.00;  -999;  -999;-999;eor
       2213;201111271327;201111271327;    3;  0.00;  -999;  -999;-999;eor
       2213;201111271328;201111271328;    3;  0.00;  -999;  -999;-999;eor
       2213;201111271329;201111271329;    3;  0.00;  -999;  -999;-999;eor
       2213;201111271330;201111271330;    3;  0.00;  -999;  -999;-999;eor
       2213;201111271331;201111271331;    3;  0.00;  -999;  -999;-999;eor
       2213;201111271332;201111271332;    3;  0.00;  -999;  -999;-999;eor
       2213;201111271333;201111271333;    3;  0.00;  -999;  -999;-999;eor
       2213;201111271334;201111271334;    3;  0.00;  -999;  -999;-999;eor
       2213;201111271335;201111271335;    3;  0.00;  -999;  -999;-999;eor
       2213;201111271336;201111271336;    3;  0.00;  -999;  -999;-999;eor
       2213;201111271337;201111271337;    3;  0.00;  -999;  -999;-999;eor
       2213;201111271338;201111271338;    3;  0.00;  -999;  -999;-999;eor
       2213;201111271339;201111271339;    3;  0.00;  -999;  -999;-999;eor
       2213;201111271340;201111271340;    3;  0.00;  -999;  -999;-999;eor
       2213;201111271341;201111271341;    3;  0.00;  -999;  -999;-999;eor
       2213;201111271342;201111271342;    3;  0.00;  -999;  -999;-999;eor
       2213;201111271343;201111271343;    3;  0.00;  -999;  -999;-999;eor
       2213;201111271344;201111271344;    3;  0.03;  -999;  -999;-999;eor
       2213;201111271345;201111271345;    3;  0.01;  -999;  -999;-999;eor
       2213;201111271346;201111271346;    3;  0.00;  -999;  -999;-999;eor
       2213;201111271347;201111271347;    3;  0.00;  -999;  -999;-999;eor
       2213;201111271348;201111271348;    3;  0.00;  -999;  -999;-999;eor
       2213;201111271349;201111271349;    3;  0.00;  -999;  -999;-999;eor
       2213;201111271350;201111271350;    3;  0.03;  -999;  -999;-999;eor
       2213;201111271351;201111271351;    3;  0.01;  -999;  -999;-999;eor
       2213;201111271352;201111271352;    3;  0.00;  -999;  -999;-999;eor
       2213;201111271353;201111271353;    3;  0.00;  -999;  -999;-999;eor
       2213;201111271354;201111271354;    3;  0.00;  -999;  -999;-999;eor
       2213;201111271355;201111271355;    3;  0.00;  -999;  -999;-999;eor
       2213;201111271356;201111271356;    3;  0.00;  -999;  -999;-999;eor
       2213;201111271357;201111271357;    3;  0.00;  -999;  -999;-999;eor
       2213;201111271358;201111271358;    3;  0.03;  -999;  -999;-999;eor
       2213;201111271359;201111271359;    3;  0.01;  -999;  -999;-999;eor
       2213;201111271400;201111271400;    3;  0.00;  -999;  -999;-999;eor
       2213;201111271401;201111271401;    3;  0.00;  -999;  -999;-999;eor
       2213;201111271402;201111271402;    3;  0.00;  -999;  -999;-999;eor
       2213;201111271403;201111271403;    3;  0.00;  -999;  -999;-999;eor
       2213;201111271404;201111271404;    3;  0.00;  -999;  -999;-999;eor
       2213;201111271405;201111271405;    3;  0.00;  -999;  -999;-999;eor
       2213;201111271406;201111271406;    3;  0.03;  -999;  -999;-999;eor
       2213;201111271407;201111271407;    3;  0.00;  -999;  -999;-999;eor
       2213;201111271408;201111271408;    3;  0.00;  -999;  -999;-999;eor
       2213;201111271409;201111271409;    3;  0.00;  -999;  -999;-999;eor
       2213;201111271410;201111271410;    3;  0.00;  -999;  -999;-999;eor
       2213;201111271411;201111271411;    3;  0.00;  -999;  -999;-999;eor
       2213;201111271412;201111271412;    3;  0.00;  -999;  -999;-999;eor
       2213;201111271413;201111271413;    3;  0.00;  -999;  -999;-999;eor
       2213;201111271414;201111271414;    3;  0.03;  -999;  -999;-999;eor
       2213;201111271415;201111271415;    3;  0.01;  -999;  -999;-999;eor
       2213;201111271416;201111271416;    3;  0.00;  -999;  -999;-999;eor
       2213;201111271417;201111271417;    3;  0.00;  -999;  -999;-999;eor
       2213;201111271418;201111271418;    3;  0.00;  -999;  -999;-999;eor
       2213;201111271419;201111271419;    3;  0.00;  -999;  -999;-999;eor
       2213;201111271420;201111271420;    3;  0.03;  -999;  -999;-999;eor
       2213;201111271421;201111271421;    3;  0.01;  -999;  -999;-999;eor
       2213;201111271422;201111271422;    3;  0.00;  -999;  -999;-999;eor
       2213;201111271423;201111271423;    3;  0.00;  -999;  -999;-999;eor
       2213;201111271424;201111271424;    3;  0.00;  -999;  -999;-999;eor
       2213;201111271425;201111271425;    3;  0.00;  -999;  -999;-999;eor
       2213;201111271426;201111271426;    3;  0.03;  -999;  -999;-999;eor
       2213;201111271427;201111271427;    3;  0.01;  -999;  -999;-999;eor
       2213;201111271428;201111271428;    3;  0.00;  -999;  -999;-999;eor
       2213;201111271429;201111271429;    3;  0.00;  -999;  -999;-999;eor
       2213;201111271430;201111271430;    3;  0.00;  -999;  -999;-999;eor
       2213;201111271431;201111271431;    3;  0.00;  -999;  -999;-999;eor
       2213;201111271432;201111271432;    3;  0.00;  -999;  -999;-999;eor
       2213;201111271433;201111271433;    3;  0.04;  -999;  -999;-999;eor
       2213;201111271434;201111271434;    3;  0.00;  -999;  -999;-999;eor
       2213;201111271435;201111271435;    3;  0.00;  -999;  -999;-999;eor
       2213;201111271436;201111271436;    3;  0.00;  -999;  -999;-999;eor
       2213;201111271437;201111271437;    3;  0.00;  -999;  -999;-999;eor
       2213;201111271438;201111271438;    3;  0.00;  -999;  -999;-999;eor
       2213;201111271439;201111271439;    3;  0.03;  -999;  -999;-999;eor
       2213;201111271440;201111271440;    3;  0.01;  -999;  -999;-999;eor
       2213;201111271441;201111271441;    3;  0.00;  -999;  -999;-999;eor
       2213;201111271442;201111271442;    3;  0.00;  -999;  -999;-999;eor
       2213;201111271443;201111271443;    3;  0.00;  -999;  -999;-999;eor
       2213;201111271444;201111271444;    3;  0.00;  -999;  -999;-999;eor
       2213;201111271445;201111271445;    3;  0.03;  -999;  -999;-999;eor
       2213;201111271446;201111271446;    3;  0.01;  -999;  -999;-999;eor
       2213;201111271447;201111271447;    3;  0.00;  -999;  -999;-999;eor
       2213;201111271448;201111271448;    3;  0.00;  -999;  -999;-999;eor
       2213;201111271449;201111271449;    3;  0.00;  -999;  -999;-999;eor
       2213;201111271450;201111271450;    3;  0.00;  -999;  -999;-999;eor
       2213;201111271451;201111271451;    3;  0.03;  -999;  -999;-999;eor
       2213;201111271452;201111271452;    3;  0.00;  -999;  -999;-999;eor
       2213;201111271453;201111271453;    3;  0.00;  -999;  -999;-999;eor
       2213;201111271454;201111271454;    3;  0.00;  -999;  -999;-999;eor
       2213;201111271455;201111271455;    3;  0.00;  -999;  -999;-999;eor
       2213;201111271456;201111271456;    3;  0.00;  -999;  -999;-999;eor
       2213;201111271457;201111271457;    3;  0.00;  -999;  -999;-999;eor
       2213;201111271458;201111271458;    3;  0.00;  -999;  -999;-999;eor
       2213;201111271459;201111271459;    3;  0.00;  -999;  -999;-999;eor
       2213;201111271500;201111271500;    3;  0.00;  -999;  -999;-999;eor
       2213;201111271501;201111271501;    3;  0.00;  -999;  -999;-999;eor
       2213;201111271502;201111271502;    3;  0.00;  -999;  -999;-999;eor
       2213;201111271503;201111271503;    3;  0.00;  -999;  -999;-999;eor
       2213;201111271504;201111271504;    3;  0.00;  -999;  -999;-999;eor
       2213;201111271505;201111271505;    3;  0.00;  -999;  -999;-999;eor
       2213;201111271506;201111271506;    3;  0.03;  -999;  -999;-999;eor
       2213;201111271507;201111271507;    3;  0.00;  -999;  -999;-999;eor
       2213;201111271508;201111271508;    3;  0.00;  -999;  -999;-999;eor
       2213;201111271509;201111271509;    3;  0.00;  -999;  -999;-999;eor
       2213;201111271510;201111271510;    3;  0.00;  -999;  -999;-999;eor
       2213;201111271511;201111271511;    3;  0.00;  -999;  -999;-999;eor
       2213;201111271512;201111271512;    3;  0.00;  -999;  -999;-999;eor
       2213;201111271513;201111271513;    3;  0.00;  -999;  -999;-999;eor
       2213;201111271514;201111271514;    3;  0.00;  -999;  -999;-999;eor
       2213;201111271515;201111271515;    3;  0.00;  -999;  -999;-999;eor
       2213;201111271516;201111271516;    3;  0.00;  -999;  -999;-999;eor
       2213;201111271517;201111271517;    3;  0.00;  -999;  -999;-999;eor
       2213;201111271518;201111271518;    3;  0.00;  -999;  -999;-999;eor
       2213;201111271519;201111271519;    3;  0.00;  -999;  -999;-999;eor
       2213;201111271520;201111271520;    3;  0.00;  -999;  -999;-999;eor
       2213;201111271521;201111271521;    3;  0.00;  -999;  -999;-999;eor
       2213;201111271522;201111271522;    3;  0.00;  -999;  -999;-999;eor
       2213;201111271523;201111271523;    3;  0.00;  -999;  -999;-999;eor
       2213;201111271524;201111271524;    3;  0.00;  -999;  -999;-999;eor
       2213;201111271525;201111271525;    3;  0.00;  -999;  -999;-999;eor
       2213;201111271526;201111271526;    3;  0.00;  -999;  -999;-999;eor
       2213;201111271527;201111271527;    3;  0.00;  -999;  -999;-999;eor
       2213;201111271528;201111271528;    3;  0.00;  -999;  -999;-999;eor
       2213;201111271529;201111271529;    3;  0.00;  -999;  -999;-999;eor
       2213;201111271530;201111271530;    3;  0.00;  -999;  -999;-999;eor
       2213;201111271531;201111271531;    3;  0.00;  -999;  -999;-999;eor
       2213;201111271532;201111271532;    3;  0.00;  -999;  -999;-999;eor
       2213;201111271533;201111271533;    3;  0.00;  -999;  -999;-999;eor
       2213;201111271534;201111271534;    3;  0.00;  -999;  -999;-999;eor
       2213;201111271535;201111271535;    3;  0.00;  -999;  -999;-999;eor
       2213;201111271536;201111271536;    3;  0.00;  -999;  -999;-999;eor
       2213;201111271537;201111271537;    3;  0.00;  -999;  -999;-999;eor
       2213;201111271538;201111271538;    3;  0.00;  -999;  -999;-999;eor
       2213;201111271539;201111271539;    3;  0.00;  -999;  -999;-999;eor
       2213;201111271540;201111271540;    3;  0.00;  -999;  -999;-999;eor
       2213;201111271541;201111271541;    3;  0.00;  -999;  -999;-999;eor
       2213;201111271542;201111271542;    3;  0.00;  -999;  -999;-999;eor
       2213;201111271543;201111271543;    3;  0.00;  -999;  -999;-999;eor
       2213;201111271544;201111271544;    3;  0.00;  -999;  -999;-999;eor
       2213;201111271545;201111271545;    3;  0.00;  -999;  -999;-999;eor
       2213;201111271546;201111271546;    3;  0.00;  -999;  -999;-999;eor
       2213;201111271547;201111271547;    3;  0.00;  -999;  -999;-999;eor
       2213;201111271548;201111271548;    3;  0.00;  -999;  -999;-999;eor
       2213;201111271549;201111271549;    3;  0.00;  -999;  -999;-999;eor
       2213;201111271550;201111271550;    3;  0.00;  -999;  -999;-999;eor
       2213;201111271551;201111271551;    3;  0.00;  -999;  -999;-999;eor
       2213;201111271552;201111271552;    3;  0.00;  -999;  -999;-999;eor
       2213;201111271553;201111271553;    3;  0.00;  -999;  -999;-999;eor
       2213;201111271554;201111271554;    3;  0.00;  -999;  -999;-999;eor
       2213;201111271555;201111271555;    3;  0.00;  -999;  -999;-999;eor
       2213;201111271556;201111271556;    3;  0.00;  -999;  -999;-999;eor
       2213;201111271557;201111271557;    3;  0.00;  -999;  -999;-999;eor
       2213;201111271558;201111271558;    3;  0.00;  -999;  -999;-999;eor
       2213;201111271559;201111271559;    3;  0.00;  -999;  -999;-999;eor
       2213;201111271600;201111271659;    3;  0.00;  -999;  -999;-999;eor
       2213;201111271700;201111271759;    3;  0.00;  -999;  -999;-999;eor
       2213;201111271800;201111271859;    3;  0.00;  -999;  -999;-999;eor
       2213;201111271900;201111271959;    3;  0.00;  -999;  -999;-999;eor
       2213;201111272000;201111272059;    3;  0.00;  -999;  -999;-999;eor
       2213;201111272100;201111272159;    3;  0.00;  -999;  -999;-999;eor
       2213;201111272200;201111272259;    3;  0.00;  -999;  -999;-999;eor
       2213;201111272300;201111272359;    3;  0.00;  -999;  -999;-999;eor
       2213;201111280000;201111282359;    3;  0.00;  -999;  -999;-999;eor
       2213;201111290000;201111290059;    3;  0.00;  -999;  -999;-999;eor
       2213;201111290100;201111290159;    3;  0.00;  -999;  -999;-999;eor
       2213;201111290200;201111290259;    3;  0.00;  -999;  -999;-999;eor
       2213;201111290300;201111290359;    3;  0.00;  -999;  -999;-999;eor
       2213;201111290400;201111290459;    3;  0.00;  -999;  -999;-999;eor
       2213;201111290500;201111290559;    3;  0.00;  -999;  -999;-999;eor
       2213;201111290600;201111290659;    3;  0.00;  -999;  -999;-999;eor
       2213;201111290700;201111290759;    3;  0.00;  -999;  -999;-999;eor
       2213;201111290800;201111290859;    3;  0.00;  -999;  -999;-999;eor
       2213;201111290900;201111290959;    3;  0.00;  -999;  -999;-999;eor
       2213;201111291000;201111291059;    3;  0.00;  -999;  -999;-999;eor
       2213;201111291100;201111291159;    3;  0.00;  -999;  -999;-999;eor
       2213;201111291200;201111291259;    3;  0.00;  -999;  -999;-999;eor
       2213;201111291300;201111291359;    3;  0.00;  -999;  -999;-999;eor
       2213;201111291400;201111291459;    3;  0.00;  -999;  -999;-999;eor
       2213;201111291500;201111291559;    3;  0.00;  -999;  -999;-999;eor
       2213;201111291600;201111291659;    3;  0.00;  -999;  -999;-999;eor
       2213;201111291700;201111291759;    3;  0.00;  -999;  -999;-999;eor
       2213;201111291800;201111291859;    3;  0.00;  -999;  -999;-999;eor
       2213;201111291900;201111291959;    3;  0.00;  -999;  -999;-999;eor
       2213;201111292000;201111292059;    3;  0.00;  -999;  -999;-999;eor
       2213;201111292100;201111292159;    3;  0.00;  -999;  -999;-999;eor
       2213;201111292200;201111292200;    3;  0.00;  -999;  -999;-999;eor
       2213;201111292201;201111292201;    3;  0.00;  -999;  -999;-999;eor
       2213;201111292202;201111292202;    3;  0.00;  -999;  -999;-999;eor
       2213;201111292203;201111292203;    3;  0.00;  -999;  -999;-999;eor
       2213;201111292204;201111292204;    3;  0.00;  -999;  -999;-999;eor
       2213;201111292205;201111292205;    3;  0.00;  -999;  -999;-999;eor
       2213;201111292206;201111292206;    3;  0.00;  -999;  -999;-999;eor
       2213;201111292207;201111292207;    3;  0.00;  -999;  -999;-999;eor
       2213;201111292208;201111292208;    3;  0.00;  -999;  -999;-999;eor
       2213;201111292209;201111292209;    3;  0.00;  -999;  -999;-999;eor
       2213;201111292210;201111292210;    3;  0.00;  -999;  -999;-999;eor
       2213;201111292211;201111292211;    3;  0.00;  -999;  -999;-999;eor
       2213;201111292212;201111292212;    3;  0.00;  -999;  -999;-999;eor
       2213;201111292213;201111292213;    3;  0.00;  -999;  -999;-999;eor
       2213;201111292214;201111292214;    3;  0.00;  -999;  -999;-999;eor
       2213;201111292215;201111292215;    3;  0.00;  -999;  -999;-999;eor
       2213;201111292216;201111292216;    3;  0.00;  -999;  -999;-999;eor
       2213;201111292217;201111292217;    3;  0.00;  -999;  -999;-999;eor
       2213;201111292218;201111292218;    3;  0.00;  -999;  -999;-999;eor
       2213;201111292219;201111292219;    3;  0.00;  -999;  -999;-999;eor
       2213;201111292220;201111292220;    3;  0.00;  -999;  -999;-999;eor
       2213;201111292221;201111292221;    3;  0.03;  -999;  -999;-999;eor
       2213;201111292222;201111292222;    3;  0.01;  -999;  -999;-999;eor
       2213;201111292223;201111292223;    3;  0.00;  -999;  -999;-999;eor
       2213;201111292224;201111292224;    3;  0.00;  -999;  -999;-999;eor
       2213;201111292225;201111292225;    3;  0.00;  -999;  -999;-999;eor
       2213;201111292226;201111292226;    3;  0.00;  -999;  -999;-999;eor
       2213;201111292227;201111292227;    3;  0.03;  -999;  -999;-999;eor
       2213;201111292228;201111292228;    3;  0.00;  -999;  -999;-999;eor
       2213;201111292229;201111292229;    3;  0.00;  -999;  -999;-999;eor
       2213;201111292230;201111292230;    3;  0.00;  -999;  -999;-999;eor
       2213;201111292231;201111292231;    3;  0.04;  -999;  -999;-999;eor
       2213;201111292232;201111292232;    3;  0.02;  -999;  -999;-999;eor
       2213;201111292233;201111292233;    3;  0.00;  -999;  -999;-999;eor
       2213;201111292234;201111292234;    3;  0.00;  -999;  -999;-999;eor
       2213;201111292235;201111292235;    3;  0.00;  -999;  -999;-999;eor
       2213;201111292236;201111292236;    3;  0.03;  -999;  -999;-999;eor
       2213;201111292237;201111292237;    3;  0.01;  -999;  -999;-999;eor
       2213;201111292238;201111292238;    3;  0.00;  -999;  -999;-999;eor
       2213;201111292239;201111292239;    3;  0.00;  -999;  -999;-999;eor
       2213;201111292240;201111292240;    3;  0.00;  -999;  -999;-999;eor
       2213;201111292241;201111292241;    3;  0.04;  -999;  -999;-999;eor
       2213;201111292242;201111292242;    3;  0.01;  -999;  -999;-999;eor
       2213;201111292243;201111292243;    3;  0.00;  -999;  -999;-999;eor
       2213;201111292244;201111292244;    3;  0.00;  -999;  -999;-999;eor
       2213;201111292245;201111292245;    3;  0.00;  -999;  -999;-999;eor
       2213;201111292246;201111292246;    3;  0.03;  -999;  -999;-999;eor
       2213;201111292247;201111292247;    3;  0.02;  -999;  -999;-999;eor
       2213;201111292248;201111292248;    3;  0.00;  -999;  -999;-999;eor
       2213;201111292249;201111292249;    3;  0.00;  -999;  -999;-999;eor
       2213;201111292250;201111292250;    3;  0.05;  -999;  -999;-999;eor
       2213;201111292251;201111292251;    3;  0.01;  -999;  -999;-999;eor
       2213;201111292252;201111292252;    3;  0.00;  -999;  -999;-999;eor
       2213;201111292253;201111292253;    3;  0.04;  -999;  -999;-999;eor
       2213;201111292254;201111292254;    3;  0.01;  -999;  -999;-999;eor
       2213;201111292255;201111292255;    3;  0.00;  -999;  -999;-999;eor
       2213;201111292256;201111292256;    3;  0.00;  -999;  -999;-999;eor
       2213;201111292257;201111292257;    3;  0.05;  -999;  -999;-999;eor
       2213;201111292258;201111292258;    3;  0.01;  -999;  -999;-999;eor
       2213;201111292259;201111292259;    3;  0.00;  -999;  -999;-999;eor
       2213;201111292300;201111292300;    3;  0.04;  -999;  -999;-999;eor
       2213;201111292301;201111292301;    3;  0.00;  -999;  -999;-999;eor
       2213;201111292302;201111292302;    3;  0.00;  -999;  -999;-999;eor
       2213;201111292303;201111292303;    3;  0.00;  -999;  -999;-999;eor
       2213;201111292304;201111292304;    3;  0.04;  -999;  -999;-999;eor
       2213;201111292305;201111292305;    3;  0.01;  -999;  -999;-999;eor
       2213;201111292306;201111292306;    3;  0.00;  -999;  -999;-999;eor
       2213;201111292307;201111292307;    3;  0.00;  -999;  -999;-999;eor
       2213;201111292308;201111292308;    3;  0.00;  -999;  -999;-999;eor
       2213;201111292309;201111292309;    3;  0.04;  -999;  -999;-999;eor
       2213;201111292310;201111292310;    3;  0.01;  -999;  -999;-999;eor
       2213;201111292311;201111292311;    3;  0.00;  -999;  -999;-999;eor
       2213;201111292312;201111292312;    3;  0.00;  -999;  -999;-999;eor
       2213;201111292313;201111292313;    3;  0.00;  -999;  -999;-999;eor
       2213;201111292314;201111292314;    3;  0.00;  -999;  -999;-999;eor
       2213;201111292315;201111292315;    3;  0.00;  -999;  -999;-999;eor
       2213;201111292316;201111292316;    3;  0.03;  -999;  -999;-999;eor
       2213;201111292317;201111292317;    3;  0.00;  -999;  -999;-999;eor
       2213;201111292318;201111292318;    3;  0.00;  -999;  -999;-999;eor
       2213;201111292319;201111292319;    3;  0.00;  -999;  -999;-999;eor
       2213;201111292320;201111292320;    3;  0.00;  -999;  -999;-999;eor
       2213;201111292321;201111292321;    3;  0.04;  -999;  -999;-999;eor
       2213;201111292322;201111292322;    3;  0.01;  -999;  -999;-999;eor
       2213;201111292323;201111292323;    3;  0.00;  -999;  -999;-999;eor
       2213;201111292324;201111292324;    3;  0.04;  -999;  -999;-999;eor
       2213;201111292325;201111292325;    3;  0.01;  -999;  -999;-999;eor
       2213;201111292326;201111292326;    3;  0.00;  -999;  -999;-999;eor
       2213;201111292327;201111292327;    3;  0.00;  -999;  -999;-999;eor
       2213;201111292328;201111292328;    3;  0.00;  -999;  -999;-999;eor
       2213;201111292329;201111292329;    3;  0.04;  -999;  -999;-999;eor
       2213;201111292330;201111292330;    3;  0.01;  -999;  -999;-999;eor
       2213;201111292331;201111292331;    3;  0.00;  -999;  -999;-999;eor
       2213;201111292332;201111292332;    3;  0.00;  -999;  -999;-999;eor
       2213;201111292333;201111292333;    3;  0.00;  -999;  -999;-999;eor
       2213;201111292334;201111292334;    3;  0.00;  -999;  -999;-999;eor
       2213;201111292335;201111292335;    3;  0.00;  -999;  -999;-999;eor
       2213;201111292336;201111292336;    3;  0.00;  -999;  -999;-999;eor
       2213;201111292337;201111292337;    3;  0.00;  -999;  -999;-999;eor
       2213;201111292338;201111292338;    3;  0.00;  -999;  -999;-999;eor
       2213;201111292339;201111292339;    3;  0.03;  -999;  -999;-999;eor
       2213;201111292340;201111292340;    3;  0.00;  -999;  -999;-999;eor
       2213;201111292341;201111292341;    3;  0.00;  -999;  -999;-999;eor
       2213;201111292342;201111292342;    3;  0.00;  -999;  -999;-999;eor
       2213;201111292343;201111292343;    3;  0.00;  -999;  -999;-999;eor
       2213;201111292344;201111292344;    3;  0.00;  -999;  -999;-999;eor
       2213;201111292345;201111292345;    3;  0.00;  -999;  -999;-999;eor
       2213;201111292346;201111292346;    3;  0.00;  -999;  -999;-999;eor
       2213;201111292347;201111292347;    3;  0.00;  -999;  -999;-999;eor
       2213;201111292348;201111292348;    3;  0.00;  -999;  -999;-999;eor
       2213;201111292349;201111292349;    3;  0.03;  -999;  -999;-999;eor
       2213;201111292350;201111292350;    3;  0.01;  -999;  -999;-999;eor
       2213;201111292351;201111292351;    3;  0.00;  -999;  -999;-999;eor
       2213;201111292352;201111292352;    3;  0.00;  -999;  -999;-999;eor
       2213;201111292353;201111292353;    3;  0.00;  -999;  -999;-999;eor
       2213;201111292354;201111292354;    3;  0.00;  -999;  -999;-999;eor
       2213;201111292355;201111292355;    3;  0.03;  -999;  -999;-999;eor
       2213;201111292356;201111292356;    3;  0.00;  -999;  -999;-999;eor
       2213;201111292357;201111292357;    3;  0.00;  -999;  -999;-999;eor
       2213;201111292358;201111292358;    3;  0.00;  -999;  -999;-999;eor
       2213;201111292359;201111292359;    3;  0.00;  -999;  -999;-999;eor
       2213;201111300000;201111300000;    3;  0.04;  -999;  -999;-999;eor
       2213;201111300001;201111300001;    3;  0.00;  -999;  -999;-999;eor
       2213;201111300002;201111300002;    3;  0.00;  -999;  -999;-999;eor
       2213;201111300003;201111300003;    3;  0.00;  -999;  -999;-999;eor
       2213;201111300004;201111300004;    3;  0.00;  -999;  -999;-999;eor
       2213;201111300005;201111300005;    3;  0.00;  -999;  -999;-999;eor
       2213;201111300006;201111300006;    3;  0.00;  -999;  -999;-999;eor
       2213;201111300007;201111300007;    3;  0.03;  -999;  -999;-999;eor
       2213;201111300008;201111300008;    3;  0.01;  -999;  -999;-999;eor
       2213;201111300009;201111300009;    3;  0.00;  -999;  -999;-999;eor
       2213;201111300010;201111300010;    3;  0.00;  -999;  -999;-999;eor
       2213;201111300011;201111300011;    3;  0.00;  -999;  -999;-999;eor
       2213;201111300012;201111300012;    3;  0.00;  -999;  -999;-999;eor
       2213;201111300013;201111300013;    3;  0.04;  -999;  -999;-999;eor
       2213;201111300014;201111300014;    3;  0.00;  -999;  -999;-999;eor
       2213;201111300015;201111300015;    3;  0.00;  -999;  -999;-999;eor
       2213;201111300016;201111300016;    3;  0.00;  -999;  -999;-999;eor
       2213;201111300017;201111300017;    3;  0.00;  -999;  -999;-999;eor
       2213;201111300018;201111300018;    3;  0.00;  -999;  -999;-999;eor
       2213;201111300019;201111300019;    3;  0.00;  -999;  -999;-999;eor
       2213;201111300020;201111300020;    3;  0.00;  -999;  -999;-999;eor
       2213;201111300021;201111300021;    3;  0.03;  -999;  -999;-999;eor
       2213;201111300022;201111300022;    3;  0.01;  -999;  -999;-999;eor
       2213;201111300023;201111300023;    3;  0.00;  -999;  -999;-999;eor
       2213;201111300024;201111300024;    3;  0.00;  -999;  -999;-999;eor
       2213;201111300025;201111300025;    3;  0.00;  -999;  -999;-999;eor
       2213;201111300026;201111300026;    3;  0.00;  -999;  -999;-999;eor
       2213;201111300027;201111300027;    3;  0.00;  -999;  -999;-999;eor
       2213;201111300028;201111300028;    3;  0.00;  -999;  -999;-999;eor
       2213;201111300029;201111300029;    3;  0.00;  -999;  -999;-999;eor
       2213;201111300030;201111300030;    3;  0.00;  -999;  -999;-999;eor
       2213;201111300031;201111300031;    3;  0.00;  -999;  -999;-999;eor
       2213;201111300032;201111300032;    3;  0.00;  -999;  -999;-999;eor
       2213;201111300033;201111300033;    3;  0.00;  -999;  -999;-999;eor
       2213;201111300034;201111300034;    3;  0.00;  -999;  -999;-999;eor
       2213;201111300035;201111300035;    3;  0.00;  -999;  -999;-999;eor
       2213;201111300036;201111300036;    3;  0.00;  -999;  -999;-999;eor
       2213;201111300037;201111300037;    3;  0.00;  -999;  -999;-999;eor
       2213;201111300038;201111300038;    3;  0.00;  -999;  -999;-999;eor
       2213;201111300039;201111300039;    3;  0.00;  -999;  -999;-999;eor
       2213;201111300040;201111300040;    3;  0.00;  -999;  -999;-999;eor
       2213;201111300041;201111300041;    3;  0.00;  -999;  -999;-999;eor
       2213;201111300042;201111300042;    3;  0.00;  -999;  -999;-999;eor
       2213;201111300043;201111300043;    3;  0.00;  -999;  -999;-999;eor
       2213;201111300044;201111300044;    3;  0.00;  -999;  -999;-999;eor
       2213;201111300045;201111300045;    3;  0.00;  -999;  -999;-999;eor
       2213;201111300046;201111300046;    3;  0.00;  -999;  -999;-999;eor
       2213;201111300047;201111300047;    3;  0.00;  -999;  -999;-999;eor
       2213;201111300048;201111300048;    3;  0.00;  -999;  -999;-999;eor
       2213;201111300049;201111300049;    3;  0.00;  -999;  -999;-999;eor
       2213;201111300050;201111300050;    3;  0.00;  -999;  -999;-999;eor
       2213;201111300051;201111300051;    3;  0.00;  -999;  -999;-999;eor
       2213;201111300052;201111300052;    3;  0.03;  -999;  -999;-999;eor
       2213;201111300053;201111300053;    3;  0.00;  -999;  -999;-999;eor
       2213;201111300054;201111300054;    3;  0.00;  -999;  -999;-999;eor
       2213;201111300055;201111300055;    3;  0.00;  -999;  -999;-999;eor
       2213;201111300056;201111300056;    3;  0.00;  -999;  -999;-999;eor
       2213;201111300057;201111300057;    3;  0.00;  -999;  -999;-999;eor
       2213;201111300058;201111300058;    3;  0.00;  -999;  -999;-999;eor
       2213;201111300059;201111300059;    3;  0.00;  -999;  -999;-999;eor
       2213;201111300100;201111300159;    3;  0.00;  -999;  -999;-999;eor
       2213;201111300200;201111300259;    3;  0.00;  -999;  -999;-999;eor
       2213;201111300300;201111300359;    3;  0.00;  -999;  -999;-999;eor
       2213;201111300400;201111300459;    3;  0.00;  -999;  -999;-999;eor
       2213;201111300500;201111300559;    3;  0.00;  -999;  -999;-999;eor
       2213;201111300600;201111300659;    3;  0.00;  -999;  -999;-999;eor
       2213;201111300700;201111300759;    3;  0.00;  -999;  -999;-999;eor
       2213;201111300800;201111300859;    3;  0.00;  -999;  -999;-999;eor
       2213;201111300900;201111300959;    3;  0.00;  -999;  -999;-999;eor
       2213;201111301000;201111301059;    3;  0.00;  -999;  -999;-999;eor
       2213;201111301100;201111301159;    3;  0.00;  -999;  -999;-999;eor
       2213;201111301200;201111301259;    3;  0.00;  -999;  -999;-999;eor
       2213;201111301300;201111301359;    3;  0.00;  -999;  -999;-999;eor
       2213;201111301400;201111301459;    3;  0.00;  -999;  -999;-999;eor
       2213;201111301500;201111301559;    3;  0.00;  -999;  -999;-999;eor
       2213;201111301600;201111301659;    3;  0.00;  -999;  -999;-999;eor
       2213;201111301700;201111301759;    3;  0.00;  -999;  -999;-999;eor
       2213;201111301800;201111301859;    3;  0.00;  -999;  -999;-999;eor
       2213;201111301900;201111301959;    3;  0.00;  -999;  -999;-999;eor
       2213;201111302000;201111302059;    3;  0.00;  -999;  -999;-999;eor
       2213;201111302100;201111302159;    3;  0.00;  -999;  -999;-999;eor
       2213;201111302200;201111302259;    3;  0.00;  -999;  -999;-999;eor
       2213;201111302300;201111302359;    3;  0.00;  -999;  -999;-999;eor
