STATIONS_ID;MESS_DATUM_BEGINN;MESS_DATUM_ENDE;QN;RS_01;RTH_01;RWH_01;RS_IND_01;eor
       1327;201111010000;201111010059;    3;  0.00;  -999;  -999;-999;eor
       1327;201111010100;201111010159;    3;  0.00;  -999;  -999;-999;eor
       1327;201111010200;201111010259;    3;  0.00;  -999;  -999;-999;eor
       1327;201111010300;201111010359;    3;  0.00;  -999;  -999;-999;eor
       1327;201111010400;201111010459;    3;  0.00;  -999;  -999;-999;eor
       1327;201111010500;201111010559;    3;  0.00;  -999;  -999;-999;eor
       1327;201111010600;201111010659;    3;  0.00;  -999;  -999;-999;eor
       1327;201111010700;201111010759;    3;  0.00;  -999;  -999;-999;eor
       1327;201111010800;201111010859;    3;  0.00;  -999;  -999;-999;eor
       1327;201111010900;201111010959;    3;  0.00;  -999;  -999;-999;eor
       1327;201111011000;201111011059;    3;  0.00;  -999;  -999;-999;eor
       1327;201111011100;201111011159;    3;  0.00;  -999;  -999;-999;eor
       1327;201111011200;201111011259;    3;  0.00;  -999;  -999;-999;eor
       1327;201111011300;201111011359;    3;  0.00;  -999;  -999;-999;eor
       1327;201111011400;201111011459;    3;  0.00;  -999;  -999;-999;eor
       1327;201111011500;201111011559;    3;  0.00;  -999;  -999;-999;eor
       1327;201111011600;201111011659;    3;  0.00;  -999;  -999;-999;eor
       1327;201111011700;201111011759;    3;  0.00;  -999;  -999;-999;eor
       1327;201111011800;201111011859;    3;  0.00;  -999;  -999;-999;eor
       1327;201111011900;201111011959;    3;  0.00;  -999;  -999;-999;eor
       1327;201111012000;201111012000;    3;  0.00;  -999;  -999;-999;eor
       1327;201111012001;201111012001;    3;  0.00;  -999;  -999;-999;eor
       1327;201111012002;201111012002;    3;  0.00;  -999;  -999;-999;eor
       1327;201111012003;201111012003;    3;  0.00;  -999;  -999;-999;eor
       1327;201111012004;201111012004;    3;  0.03;  -999;  -999;-999;eor
       1327;201111012005;201111012005;    3;  0.00;  -999;  -999;-999;eor
       1327;201111012006;201111012006;    3;  0.00;  -999;  -999;-999;eor
       1327;201111012007;201111012007;    3;  0.00;  -999;  -999;-999;eor
       1327;201111012008;201111012008;    3;  0.00;  -999;  -999;-999;eor
       1327;201111012009;201111012009;    3;  0.00;  -999;  -999;-999;eor
       1327;201111012010;201111012010;    3;  0.00;  -999;  -999;-999;eor
       1327;201111012011;201111012011;    3;  0.00;  -999;  -999;-999;eor
       1327;201111012012;201111012012;    3;  0.00;  -999;  -999;-999;eor
       1327;201111012013;201111012013;    3;  0.00;  -999;  -999;-999;eor
       1327;201111012014;201111012014;    3;  0.00;  -999;  -999;-999;eor
       1327;201111012015;201111012015;    3;  0.00;  -999;  -999;-999;eor
       1327;201111012016;201111012016;    3;  0.00;  -999;  -999;-999;eor
       1327;201111012017;201111012017;    3;  0.00;  -999;  -999;-999;eor
       1327;201111012018;201111012018;    3;  0.00;  -999;  -999;-999;eor
       1327;201111012019;201111012019;    3;  0.00;  -999;  -999;-999;eor
       1327;201111012020;201111012020;    3;  0.00;  -999;  -999;-999;eor
       1327;201111012021;201111012021;    3;  0.00;  -999;  -999;-999;eor
       1327;201111012022;201111012022;    3;  0.00;  -999;  -999;-999;eor
       1327;201111012023;201111012023;    3;  0.00;  -999;  -999;-999;eor
       1327;201111012024;201111012024;    3;  0.00;  -999;  -999;-999;eor
       1327;201111012025;201111012025;    3;  0.00;  -999;  -999;-999;eor
       1327;201111012026;201111012026;    3;  0.00;  -999;  -999;-999;eor
       1327;201111012027;201111012027;    3;  0.00;  -999;  -999;-999;eor
       1327;201111012028;201111012028;    3;  0.00;  -999;  -999;-999;eor
       1327;201111012029;201111012029;    3;  0.00;  -999;  -999;-999;eor
       1327;201111012030;201111012030;    3;  0.00;  -999;  -999;-999;eor
       1327;201111012031;201111012031;    3;  0.00;  -999;  -999;-999;eor
       1327;201111012032;201111012032;    3;  0.00;  -999;  -999;-999;eor
       1327;201111012033;201111012033;    3;  0.00;  -999;  -999;-999;eor
       1327;201111012034;201111012034;    3;  0.00;  -999;  -999;-999;eor
       1327;201111012035;201111012035;    3;  0.00;  -999;  -999;-999;eor
       1327;201111012036;201111012036;    3;  0.00;  -999;  -999;-999;eor
       1327;201111012037;201111012037;    3;  0.00;  -999;  -999;-999;eor
       1327;201111012038;201111012038;    3;  0.00;  -999;  -999;-999;eor
       1327;201111012039;201111012039;    3;  0.00;  -999;  -999;-999;eor
       1327;201111012040;201111012040;    3;  0.00;  -999;  -999;-999;eor
       1327;201111012041;201111012041;    3;  0.00;  -999;  -999;-999;eor
       1327;201111012042;201111012042;    3;  0.00;  -999;  -999;-999;eor
       1327;201111012043;201111012043;    3;  0.00;  -999;  -999;-999;eor
       1327;201111012044;201111012044;    3;  0.00;  -999;  -999;-999;eor
       1327;201111012045;201111012045;    3;  0.00;  -999;  -999;-999;eor
       1327;201111012046;201111012046;    3;  0.00;  -999;  -999;-999;eor
       1327;201111012047;201111012047;    3;  0.00;  -999;  -999;-999;eor
       1327;201111012048;201111012048;    3;  0.00;  -999;  -999;-999;eor
       1327;201111012049;201111012049;    3;  0.00;  -999;  -999;-999;eor
       1327;201111012050;201111012050;    3;  0.00;  -999;  -999;-999;eor
       1327;201111012051;201111012051;    3;  0.00;  -999;  -999;-999;eor
       1327;201111012052;201111012052;    3;  0.00;  -999;  -999;-999;eor
       1327;201111012053;201111012053;    3;  0.00;  -999;  -999;-999;eor
       1327;201111012054;201111012054;    3;  0.00;  -999;  -999;-999;eor
       1327;201111012055;201111012055;    3;  0.00;  -999;  -999;-999;eor
       1327;201111012056;201111012056;    3;  0.00;  -999;  -999;-999;eor
       1327;201111012057;201111012057;    3;  0.00;  -999;  -999;-999;eor
       1327;201111012058;201111012058;    3;  0.00;  -999;  -999;-999;eor
       1327;201111012059;201111012059;    3;  0.00;  -999;  -999;-999;eor
       1327;201111012100;201111012159;    3;  0.00;  -999;  -999;-999;eor
       1327;201111012200;201111012259;    3;  0.00;  -999;  -999;-999;eor
       1327;201111012300;201111012359;    3;  0.00;  -999;  -999;-999;eor
       1327;201111020000;201111020059;    3;  0.00;  -999;  -999;-999;eor
       1327;201111020100;201111020100;    3;  0.03;  -999;  -999;-999;eor
       1327;201111020101;201111020101;    3;  0.00;  -999;  -999;-999;eor
       1327;201111020102;201111020102;    3;  0.00;  -999;  -999;-999;eor
       1327;201111020103;201111020103;    3;  0.00;  -999;  -999;-999;eor
       1327;201111020104;201111020104;    3;  0.00;  -999;  -999;-999;eor
       1327;201111020105;201111020105;    3;  0.00;  -999;  -999;-999;eor
       1327;201111020106;201111020106;    3;  0.00;  -999;  -999;-999;eor
       1327;201111020107;201111020107;    3;  0.00;  -999;  -999;-999;eor
       1327;201111020108;201111020108;    3;  0.00;  -999;  -999;-999;eor
       1327;201111020109;201111020109;    3;  0.00;  -999;  -999;-999;eor
       1327;201111020110;201111020110;    3;  0.00;  -999;  -999;-999;eor
       1327;201111020111;201111020111;    3;  0.00;  -999;  -999;-999;eor
       1327;201111020112;201111020112;    3;  0.00;  -999;  -999;-999;eor
       1327;201111020113;201111020113;    3;  0.00;  -999;  -999;-999;eor
       1327;201111020114;201111020114;    3;  0.03;  -999;  -999;-999;eor
       1327;201111020115;201111020115;    3;  0.01;  -999;  -999;-999;eor
       1327;201111020116;201111020116;    3;  0.00;  -999;  -999;-999;eor
       1327;201111020117;201111020117;    3;  0.00;  -999;  -999;-999;eor
       1327;201111020118;201111020118;    3;  0.00;  -999;  -999;-999;eor
       1327;201111020119;201111020119;    3;  0.00;  -999;  -999;-999;eor
       1327;201111020120;201111020120;    3;  0.00;  -999;  -999;-999;eor
       1327;201111020121;201111020121;    3;  0.00;  -999;  -999;-999;eor
       1327;201111020122;201111020122;    3;  0.00;  -999;  -999;-999;eor
       1327;201111020123;201111020123;    3;  0.00;  -999;  -999;-999;eor
       1327;201111020124;201111020124;    3;  0.00;  -999;  -999;-999;eor
       1327;201111020125;201111020125;    3;  0.00;  -999;  -999;-999;eor
       1327;201111020126;201111020126;    3;  0.00;  -999;  -999;-999;eor
       1327;201111020127;201111020127;    3;  0.00;  -999;  -999;-999;eor
       1327;201111020128;201111020128;    3;  0.00;  -999;  -999;-999;eor
       1327;201111020129;201111020129;    3;  0.00;  -999;  -999;-999;eor
       1327;201111020130;201111020130;    3;  0.00;  -999;  -999;-999;eor
       1327;201111020131;201111020131;    3;  0.00;  -999;  -999;-999;eor
       1327;201111020132;201111020132;    3;  0.00;  -999;  -999;-999;eor
       1327;201111020133;201111020133;    3;  0.00;  -999;  -999;-999;eor
       1327;201111020134;201111020134;    3;  0.00;  -999;  -999;-999;eor
       1327;201111020135;201111020135;    3;  0.00;  -999;  -999;-999;eor
       1327;201111020136;201111020136;    3;  0.00;  -999;  -999;-999;eor
       1327;201111020137;201111020137;    3;  0.00;  -999;  -999;-999;eor
       1327;201111020138;201111020138;    3;  0.00;  -999;  -999;-999;eor
       1327;201111020139;201111020139;    3;  0.00;  -999;  -999;-999;eor
       1327;201111020140;201111020140;    3;  0.00;  -999;  -999;-999;eor
       1327;201111020141;201111020141;    3;  0.00;  -999;  -999;-999;eor
       1327;201111020142;201111020142;    3;  0.00;  -999;  -999;-999;eor
       1327;201111020143;201111020143;    3;  0.00;  -999;  -999;-999;eor
       1327;201111020144;201111020144;    3;  0.00;  -999;  -999;-999;eor
       1327;201111020145;201111020145;    3;  0.00;  -999;  -999;-999;eor
       1327;201111020146;201111020146;    3;  0.00;  -999;  -999;-999;eor
       1327;201111020147;201111020147;    3;  0.00;  -999;  -999;-999;eor
       1327;201111020148;201111020148;    3;  0.00;  -999;  -999;-999;eor
       1327;201111020149;201111020149;    3;  0.00;  -999;  -999;-999;eor
       1327;201111020150;201111020150;    3;  0.00;  -999;  -999;-999;eor
       1327;201111020151;201111020151;    3;  0.00;  -999;  -999;-999;eor
       1327;201111020152;201111020152;    3;  0.00;  -999;  -999;-999;eor
       1327;201111020153;201111020153;    3;  0.00;  -999;  -999;-999;eor
       1327;201111020154;201111020154;    3;  0.00;  -999;  -999;-999;eor
       1327;201111020155;201111020155;    3;  0.00;  -999;  -999;-999;eor
       1327;201111020156;201111020156;    3;  0.00;  -999;  -999;-999;eor
       1327;201111020157;201111020157;    3;  0.00;  -999;  -999;-999;eor
       1327;201111020158;201111020158;    3;  0.00;  -999;  -999;-999;eor
       1327;201111020159;201111020159;    3;  0.00;  -999;  -999;-999;eor
       1327;201111020200;201111020200;    3;  0.00;  -999;  -999;-999;eor
       1327;201111020201;201111020201;    3;  0.00;  -999;  -999;-999;eor
       1327;201111020202;201111020202;    3;  0.00;  -999;  -999;-999;eor
       1327;201111020203;201111020203;    3;  0.00;  -999;  -999;-999;eor
       1327;201111020204;201111020204;    3;  0.00;  -999;  -999;-999;eor
       1327;201111020205;201111020205;    3;  0.00;  -999;  -999;-999;eor
       1327;201111020206;201111020206;    3;  0.00;  -999;  -999;-999;eor
       1327;201111020207;201111020207;    3;  0.00;  -999;  -999;-999;eor
       1327;201111020208;201111020208;    3;  0.00;  -999;  -999;-999;eor
       1327;201111020209;201111020209;    3;  0.00;  -999;  -999;-999;eor
       1327;201111020210;201111020210;    3;  0.00;  -999;  -999;-999;eor
       1327;201111020211;201111020211;    3;  0.00;  -999;  -999;-999;eor
       1327;201111020212;201111020212;    3;  0.00;  -999;  -999;-999;eor
       1327;201111020213;201111020213;    3;  0.00;  -999;  -999;-999;eor
       1327;201111020214;201111020214;    3;  0.00;  -999;  -999;-999;eor
       1327;201111020215;201111020215;    3;  0.00;  -999;  -999;-999;eor
       1327;201111020216;201111020216;    3;  0.00;  -999;  -999;-999;eor
       1327;201111020217;201111020217;    3;  0.00;  -999;  -999;-999;eor
       1327;201111020218;201111020218;    3;  0.00;  -999;  -999;-999;eor
       1327;201111020219;201111020219;    3;  0.00;  -999;  -999;-999;eor
       1327;201111020220;201111020220;    3;  0.00;  -999;  -999;-999;eor
       1327;201111020221;201111020221;    3;  0.00;  -999;  -999;-999;eor
       1327;201111020222;201111020222;    3;  0.00;  -999;  -999;-999;eor
       1327;201111020223;201111020223;    3;  0.00;  -999;  -999;-999;eor
       1327;201111020224;201111020224;    3;  0.00;  -999;  -999;-999;eor
       1327;201111020225;201111020225;    3;  0.00;  -999;  -999;-999;eor
       1327;201111020226;201111020226;    3;  0.00;  -999;  -999;-999;eor
       1327;201111020227;201111020227;    3;  0.00;  -999;  -999;-999;eor
       1327;201111020228;201111020228;    3;  0.03;  -999;  -999;-999;eor
       1327;201111020229;201111020229;    3;  0.01;  -999;  -999;-999;eor
       1327;201111020230;201111020230;    3;  0.00;  -999;  -999;-999;eor
       1327;201111020231;201111020231;    3;  0.00;  -999;  -999;-999;eor
       1327;201111020232;201111020232;    3;  0.00;  -999;  -999;-999;eor
       1327;201111020233;201111020233;    3;  0.00;  -999;  -999;-999;eor
       1327;201111020234;201111020234;    3;  0.00;  -999;  -999;-999;eor
       1327;201111020235;201111020235;    3;  0.00;  -999;  -999;-999;eor
       1327;201111020236;201111020236;    3;  0.00;  -999;  -999;-999;eor
       1327;201111020237;201111020237;    3;  0.00;  -999;  -999;-999;eor
       1327;201111020238;201111020238;    3;  0.00;  -999;  -999;-999;eor
       1327;201111020239;201111020239;    3;  0.00;  -999;  -999;-999;eor
       1327;201111020240;201111020240;    3;  0.00;  -999;  -999;-999;eor
       1327;201111020241;201111020241;    3;  0.00;  -999;  -999;-999;eor
       1327;201111020242;201111020242;    3;  0.00;  -999;  -999;-999;eor
       1327;201111020243;201111020243;    3;  0.00;  -999;  -999;-999;eor
       1327;201111020244;201111020244;    3;  0.00;  -999;  -999;-999;eor
       1327;201111020245;201111020245;    3;  0.00;  -999;  -999;-999;eor
       1327;201111020246;201111020246;    3;  0.00;  -999;  -999;-999;eor
       1327;201111020247;201111020247;    3;  0.00;  -999;  -999;-999;eor
       1327;201111020248;201111020248;    3;  0.00;  -999;  -999;-999;eor
       1327;201111020249;201111020249;    3;  0.00;  -999;  -999;-999;eor
       1327;201111020250;201111020250;    3;  0.00;  -999;  -999;-999;eor
       1327;201111020251;201111020251;    3;  0.00;  -999;  -999;-999;eor
       1327;201111020252;201111020252;    3;  0.00;  -999;  -999;-999;eor
       1327;201111020253;201111020253;    3;  0.00;  -999;  -999;-999;eor
       1327;201111020254;201111020254;    3;  0.00;  -999;  -999;-999;eor
       1327;201111020255;201111020255;    3;  0.00;  -999;  -999;-999;eor
       1327;201111020256;201111020256;    3;  0.00;  -999;  -999;-999;eor
       1327;201111020257;201111020257;    3;  0.00;  -999;  -999;-999;eor
       1327;201111020258;201111020258;    3;  0.00;  -999;  -999;-999;eor
       1327;201111020259;201111020259;    3;  0.00;  -999;  -999;-999;eor
       1327;201111020300;201111020359;    3;  0.00;  -999;  -999;-999;eor
       1327;201111020400;201111020459;    3;  0.00;  -999;  -999;-999;eor
       1327;201111020500;201111020559;    3;  0.00;  -999;  -999;-999;eor
       1327;201111020600;201111020659;    3;  0.00;  -999;  -999;-999;eor
       1327;201111020700;201111020759;    3;  0.00;  -999;  -999;-999;eor
       1327;201111020800;201111020859;    3;  0.00;  -999;  -999;-999;eor
       1327;201111020900;201111020959;    3;  0.00;  -999;  -999;-999;eor
       1327;201111021000;201111021059;    3;  0.00;  -999;  -999;-999;eor
       1327;201111021100;201111021159;    3;  0.00;  -999;  -999;-999;eor
       1327;201111021200;201111021259;    3;  0.00;  -999;  -999;-999;eor
       1327;201111021300;201111021359;    3;  0.00;  -999;  -999;-999;eor
       1327;201111021400;201111021459;    3;  0.00;  -999;  -999;-999;eor
       1327;201111021500;201111021559;    3;  0.00;  -999;  -999;-999;eor
       1327;201111021600;201111021659;    3;  0.00;  -999;  -999;-999;eor
       1327;201111021700;201111021759;    3;  0.00;  -999;  -999;-999;eor
       1327;201111021800;201111021859;    3;  0.00;  -999;  -999;-999;eor
       1327;201111021900;201111021959;    3;  0.00;  -999;  -999;-999;eor
       1327;201111022000;201111022059;    3;  0.00;  -999;  -999;-999;eor
       1327;201111022100;201111022159;    3;  0.00;  -999;  -999;-999;eor
       1327;201111022200;201111022259;    3;  0.00;  -999;  -999;-999;eor
       1327;201111022300;201111022359;    3;  0.00;  -999;  -999;-999;eor
       1327;201111030000;201111030059;    3;  0.00;  -999;  -999;-999;eor
       1327;201111030100;201111030159;    3;  0.00;  -999;  -999;-999;eor
       1327;201111030200;201111030259;    3;  0.00;  -999;  -999;-999;eor
       1327;201111030300;201111030359;    3;  0.00;  -999;  -999;-999;eor
       1327;201111030400;201111030459;    3;  0.00;  -999;  -999;-999;eor
       1327;201111030500;201111030559;    3;  0.00;  -999;  -999;-999;eor
       1327;201111030600;201111030659;    3;  0.00;  -999;  -999;-999;eor
       1327;201111030700;201111030759;    3;  0.00;  -999;  -999;-999;eor
       1327;201111030800;201111030859;    3;  0.00;  -999;  -999;-999;eor
       1327;201111030900;201111030959;    3;  0.00;  -999;  -999;-999;eor
       1327;201111031000;201111031059;    3;  0.00;  -999;  -999;-999;eor
       1327;201111031100;201111031159;    3;  0.00;  -999;  -999;-999;eor
       1327;201111031200;201111031259;    3;  0.00;  -999;  -999;-999;eor
       1327;201111031300;201111031359;    3;  0.00;  -999;  -999;-999;eor
       1327;201111031400;201111031459;    3;  0.00;  -999;  -999;-999;eor
       1327;201111031500;201111031559;    3;  0.00;  -999;  -999;-999;eor
       1327;201111031600;201111031659;    3;  0.00;  -999;  -999;-999;eor
       1327;201111031700;201111031759;    3;  0.00;  -999;  -999;-999;eor
       1327;201111031800;201111031859;    3;  0.00;  -999;  -999;-999;eor
       1327;201111031900;201111031959;    3;  0.00;  -999;  -999;-999;eor
       1327;201111032000;201111032059;    3;  0.00;  -999;  -999;-999;eor
       1327;201111032100;201111032159;    3;  0.00;  -999;  -999;-999;eor
       1327;201111032200;201111032259;    3;  0.00;  -999;  -999;-999;eor
       1327;201111032300;201111032300;    3;  0.00;  -999;  -999;-999;eor
       1327;201111032301;201111032301;    3;  0.00;  -999;  -999;-999;eor
       1327;201111032302;201111032302;    3;  0.00;  -999;  -999;-999;eor
       1327;201111032303;201111032303;    3;  0.00;  -999;  -999;-999;eor
       1327;201111032304;201111032304;    3;  0.00;  -999;  -999;-999;eor
       1327;201111032305;201111032305;    3;  0.00;  -999;  -999;-999;eor
       1327;201111032306;201111032306;    3;  0.00;  -999;  -999;-999;eor
       1327;201111032307;201111032307;    3;  0.00;  -999;  -999;-999;eor
       1327;201111032308;201111032308;    3;  0.00;  -999;  -999;-999;eor
       1327;201111032309;201111032309;    3;  0.00;  -999;  -999;-999;eor
       1327;201111032310;201111032310;    3;  0.00;  -999;  -999;-999;eor
       1327;201111032311;201111032311;    3;  0.00;  -999;  -999;-999;eor
       1327;201111032312;201111032312;    3;  0.00;  -999;  -999;-999;eor
       1327;201111032313;201111032313;    3;  0.00;  -999;  -999;-999;eor
       1327;201111032314;201111032314;    3;  0.00;  -999;  -999;-999;eor
       1327;201111032315;201111032315;    3;  0.00;  -999;  -999;-999;eor
       1327;201111032316;201111032316;    3;  0.00;  -999;  -999;-999;eor
       1327;201111032317;201111032317;    3;  0.00;  -999;  -999;-999;eor
       1327;201111032318;201111032318;    3;  0.00;  -999;  -999;-999;eor
       1327;201111032319;201111032319;    3;  0.00;  -999;  -999;-999;eor
       1327;201111032320;201111032320;    3;  0.00;  -999;  -999;-999;eor
       1327;201111032321;201111032321;    3;  0.00;  -999;  -999;-999;eor
       1327;201111032322;201111032322;    3;  0.00;  -999;  -999;-999;eor
       1327;201111032323;201111032323;    3;  0.00;  -999;  -999;-999;eor
       1327;201111032324;201111032324;    3;  0.00;  -999;  -999;-999;eor
       1327;201111032325;201111032325;    3;  0.00;  -999;  -999;-999;eor
       1327;201111032326;201111032326;    3;  0.00;  -999;  -999;-999;eor
       1327;201111032327;201111032327;    3;  0.00;  -999;  -999;-999;eor
       1327;201111032328;201111032328;    3;  0.00;  -999;  -999;-999;eor
       1327;201111032329;201111032329;    3;  0.00;  -999;  -999;-999;eor
       1327;201111032330;201111032330;    3;  0.00;  -999;  -999;-999;eor
       1327;201111032331;201111032331;    3;  0.00;  -999;  -999;-999;eor
       1327;201111032332;201111032332;    3;  0.00;  -999;  -999;-999;eor
       1327;201111032333;201111032333;    3;  0.00;  -999;  -999;-999;eor
       1327;201111032334;201111032334;    3;  0.00;  -999;  -999;-999;eor
       1327;201111032335;201111032335;    3;  0.00;  -999;  -999;-999;eor
       1327;201111032336;201111032336;    3;  0.00;  -999;  -999;-999;eor
       1327;201111032337;201111032337;    3;  0.00;  -999;  -999;-999;eor
       1327;201111032338;201111032338;    3;  0.00;  -999;  -999;-999;eor
       1327;201111032339;201111032339;    3;  0.00;  -999;  -999;-999;eor
       1327;201111032340;201111032340;    3;  0.00;  -999;  -999;-999;eor
       1327;201111032341;201111032341;    3;  0.00;  -999;  -999;-999;eor
       1327;201111032342;201111032342;    3;  0.00;  -999;  -999;-999;eor
       1327;201111032343;201111032343;    3;  0.00;  -999;  -999;-999;eor
       1327;201111032344;201111032344;    3;  0.00;  -999;  -999;-999;eor
       1327;201111032345;201111032345;    3;  0.00;  -999;  -999;-999;eor
       1327;201111032346;201111032346;    3;  0.00;  -999;  -999;-999;eor
       1327;201111032347;201111032347;    3;  0.00;  -999;  -999;-999;eor
       1327;201111032348;201111032348;    3;  0.00;  -999;  -999;-999;eor
       1327;201111032349;201111032349;    3;  0.00;  -999;  -999;-999;eor
       1327;201111032350;201111032350;    3;  0.00;  -999;  -999;-999;eor
       1327;201111032351;201111032351;    3;  0.03;  -999;  -999;-999;eor
       1327;201111032352;201111032352;    3;  0.01;  -999;  -999;-999;eor
       1327;201111032353;201111032353;    3;  0.00;  -999;  -999;-999;eor
       1327;201111032354;201111032354;    3;  0.00;  -999;  -999;-999;eor
       1327;201111032355;201111032355;    3;  0.00;  -999;  -999;-999;eor
       1327;201111032356;201111032356;    3;  0.00;  -999;  -999;-999;eor
       1327;201111032357;201111032357;    3;  0.00;  -999;  -999;-999;eor
       1327;201111032358;201111032358;    3;  0.00;  -999;  -999;-999;eor
       1327;201111032359;201111032359;    3;  0.00;  -999;  -999;-999;eor
       1327;201111040000;201111040000;    3;  0.00;  -999;  -999;-999;eor
       1327;201111040001;201111040001;    3;  0.00;  -999;  -999;-999;eor
       1327;201111040002;201111040002;    3;  0.00;  -999;  -999;-999;eor
       1327;201111040003;201111040003;    3;  0.00;  -999;  -999;-999;eor
       1327;201111040004;201111040004;    3;  0.00;  -999;  -999;-999;eor
       1327;201111040005;201111040005;    3;  0.00;  -999;  -999;-999;eor
       1327;201111040006;201111040006;    3;  0.03;  -999;  -999;-999;eor
       1327;201111040007;201111040007;    3;  0.00;  -999;  -999;-999;eor
       1327;201111040008;201111040008;    3;  0.00;  -999;  -999;-999;eor
       1327;201111040009;201111040009;    3;  0.00;  -999;  -999;-999;eor
       1327;201111040010;201111040010;    3;  0.00;  -999;  -999;-999;eor
       1327;201111040011;201111040011;    3;  0.00;  -999;  -999;-999;eor
       1327;201111040012;201111040012;    3;  0.00;  -999;  -999;-999;eor
       1327;201111040013;201111040013;    3;  0.00;  -999;  -999;-999;eor
       1327;201111040014;201111040014;    3;  0.00;  -999;  -999;-999;eor
       1327;201111040015;201111040015;    3;  0.00;  -999;  -999;-999;eor
       1327;201111040016;201111040016;    3;  0.00;  -999;  -999;-999;eor
       1327;201111040017;201111040017;    3;  0.00;  -999;  -999;-999;eor
       1327;201111040018;201111040018;    3;  0.00;  -999;  -999;-999;eor
       1327;201111040019;201111040019;    3;  0.00;  -999;  -999;-999;eor
       1327;201111040020;201111040020;    3;  0.00;  -999;  -999;-999;eor
       1327;201111040021;201111040021;    3;  0.00;  -999;  -999;-999;eor
       1327;201111040022;201111040022;    3;  0.00;  -999;  -999;-999;eor
       1327;201111040023;201111040023;    3;  0.00;  -999;  -999;-999;eor
       1327;201111040024;201111040024;    3;  0.00;  -999;  -999;-999;eor
       1327;201111040025;201111040025;    3;  0.00;  -999;  -999;-999;eor
       1327;201111040026;201111040026;    3;  0.00;  -999;  -999;-999;eor
       1327;201111040027;201111040027;    3;  0.04;  -999;  -999;-999;eor
       1327;201111040028;201111040028;    3;  0.00;  -999;  -999;-999;eor
       1327;201111040029;201111040029;    3;  0.00;  -999;  -999;-999;eor
       1327;201111040030;201111040030;    3;  0.00;  -999;  -999;-999;eor
       1327;201111040031;201111040031;    3;  0.04;  -999;  -999;-999;eor
       1327;201111040032;201111040032;    3;  0.02;  -999;  -999;-999;eor
       1327;201111040033;201111040033;    3;  0.00;  -999;  -999;-999;eor
       1327;201111040034;201111040034;    3;  0.04;  -999;  -999;-999;eor
       1327;201111040035;201111040035;    3;  0.03;  -999;  -999;-999;eor
       1327;201111040036;201111040036;    3;  0.00;  -999;  -999;-999;eor
       1327;201111040037;201111040037;    3;  0.06;  -999;  -999;-999;eor
       1327;201111040038;201111040038;    3;  0.01;  -999;  -999;-999;eor
       1327;201111040039;201111040039;    3;  0.00;  -999;  -999;-999;eor
       1327;201111040040;201111040040;    3;  0.00;  -999;  -999;-999;eor
       1327;201111040041;201111040041;    3;  0.00;  -999;  -999;-999;eor
       1327;201111040042;201111040042;    3;  0.00;  -999;  -999;-999;eor
       1327;201111040043;201111040043;    3;  0.03;  -999;  -999;-999;eor
       1327;201111040044;201111040044;    3;  0.01;  -999;  -999;-999;eor
       1327;201111040045;201111040045;    3;  0.00;  -999;  -999;-999;eor
       1327;201111040046;201111040046;    3;  0.00;  -999;  -999;-999;eor
       1327;201111040047;201111040047;    3;  0.00;  -999;  -999;-999;eor
       1327;201111040048;201111040048;    3;  0.00;  -999;  -999;-999;eor
       1327;201111040049;201111040049;    3;  0.00;  -999;  -999;-999;eor
       1327;201111040050;201111040050;    3;  0.00;  -999;  -999;-999;eor
       1327;201111040051;201111040051;    3;  0.00;  -999;  -999;-999;eor
       1327;201111040052;201111040052;    3;  0.00;  -999;  -999;-999;eor
       1327;201111040053;201111040053;    3;  0.00;  -999;  -999;-999;eor
       1327;201111040054;201111040054;    3;  0.00;  -999;  -999;-999;eor
       1327;201111040055;201111040055;    3;  0.00;  -999;  -999;-999;eor
       1327;201111040056;201111040056;    3;  0.00;  -999;  -999;-999;eor
       1327;201111040057;201111040057;    3;  0.00;  -999;  -999;-999;eor
       1327;201111040058;201111040058;    3;  0.00;  -999;  -999;-999;eor
       1327;201111040059;201111040059;    3;  0.00;  -999;  -999;-999;eor
       1327;201111040100;201111040100;    3;  0.04;  -999;  -999;-999;eor
       1327;201111040101;201111040101;    3;  0.00;  -999;  -999;-999;eor
       1327;201111040102;201111040102;    3;  0.00;  -999;  -999;-999;eor
       1327;201111040103;201111040103;    3;  0.00;  -999;  -999;-999;eor
       1327;201111040104;201111040104;    3;  0.00;  -999;  -999;-999;eor
       1327;201111040105;201111040105;    3;  0.00;  -999;  -999;-999;eor
       1327;201111040106;201111040106;    3;  0.00;  -999;  -999;-999;eor
       1327;201111040107;201111040107;    3;  0.00;  -999;  -999;-999;eor
       1327;201111040108;201111040108;    3;  0.00;  -999;  -999;-999;eor
       1327;201111040109;201111040109;    3;  0.00;  -999;  -999;-999;eor
       1327;201111040110;201111040110;    3;  0.00;  -999;  -999;-999;eor
       1327;201111040111;201111040111;    3;  0.00;  -999;  -999;-999;eor
       1327;201111040112;201111040112;    3;  0.00;  -999;  -999;-999;eor
       1327;201111040113;201111040113;    3;  0.00;  -999;  -999;-999;eor
       1327;201111040114;201111040114;    3;  0.00;  -999;  -999;-999;eor
       1327;201111040115;201111040115;    3;  0.00;  -999;  -999;-999;eor
       1327;201111040116;201111040116;    3;  0.00;  -999;  -999;-999;eor
       1327;201111040117;201111040117;    3;  0.00;  -999;  -999;-999;eor
       1327;201111040118;201111040118;    3;  0.00;  -999;  -999;-999;eor
       1327;201111040119;201111040119;    3;  0.03;  -999;  -999;-999;eor
       1327;201111040120;201111040120;    3;  0.00;  -999;  -999;-999;eor
       1327;201111040121;201111040121;    3;  0.00;  -999;  -999;-999;eor
       1327;201111040122;201111040122;    3;  0.00;  -999;  -999;-999;eor
       1327;201111040123;201111040123;    3;  0.00;  -999;  -999;-999;eor
       1327;201111040124;201111040124;    3;  0.00;  -999;  -999;-999;eor
       1327;201111040125;201111040125;    3;  0.00;  -999;  -999;-999;eor
       1327;201111040126;201111040126;    3;  0.00;  -999;  -999;-999;eor
       1327;201111040127;201111040127;    3;  0.00;  -999;  -999;-999;eor
       1327;201111040128;201111040128;    3;  0.00;  -999;  -999;-999;eor
       1327;201111040129;201111040129;    3;  0.00;  -999;  -999;-999;eor
       1327;201111040130;201111040130;    3;  0.00;  -999;  -999;-999;eor
       1327;201111040131;201111040131;    3;  0.00;  -999;  -999;-999;eor
       1327;201111040132;201111040132;    3;  0.00;  -999;  -999;-999;eor
       1327;201111040133;201111040133;    3;  0.00;  -999;  -999;-999;eor
       1327;201111040134;201111040134;    3;  0.00;  -999;  -999;-999;eor
       1327;201111040135;201111040135;    3;  0.00;  -999;  -999;-999;eor
       1327;201111040136;201111040136;    3;  0.00;  -999;  -999;-999;eor
       1327;201111040137;201111040137;    3;  0.00;  -999;  -999;-999;eor
       1327;201111040138;201111040138;    3;  0.00;  -999;  -999;-999;eor
       1327;201111040139;201111040139;    3;  0.00;  -999;  -999;-999;eor
       1327;201111040140;201111040140;    3;  0.00;  -999;  -999;-999;eor
       1327;201111040141;201111040141;    3;  0.00;  -999;  -999;-999;eor
       1327;201111040142;201111040142;    3;  0.00;  -999;  -999;-999;eor
       1327;201111040143;201111040143;    3;  0.00;  -999;  -999;-999;eor
       1327;201111040144;201111040144;    3;  0.00;  -999;  -999;-999;eor
       1327;201111040145;201111040145;    3;  0.00;  -999;  -999;-999;eor
       1327;201111040146;201111040146;    3;  0.00;  -999;  -999;-999;eor
       1327;201111040147;201111040147;    3;  0.00;  -999;  -999;-999;eor
       1327;201111040148;201111040148;    3;  0.00;  -999;  -999;-999;eor
       1327;201111040149;201111040149;    3;  0.00;  -999;  -999;-999;eor
       1327;201111040150;201111040150;    3;  0.00;  -999;  -999;-999;eor
       1327;201111040151;201111040151;    3;  0.00;  -999;  -999;-999;eor
       1327;201111040152;201111040152;    3;  0.00;  -999;  -999;-999;eor
       1327;201111040153;201111040153;    3;  0.00;  -999;  -999;-999;eor
       1327;201111040154;201111040154;    3;  0.00;  -999;  -999;-999;eor
       1327;201111040155;201111040155;    3;  0.00;  -999;  -999;-999;eor
       1327;201111040156;201111040156;    3;  0.00;  -999;  -999;-999;eor
       1327;201111040157;201111040157;    3;  0.00;  -999;  -999;-999;eor
       1327;201111040158;201111040158;    3;  0.00;  -999;  -999;-999;eor
       1327;201111040159;201111040159;    3;  0.00;  -999;  -999;-999;eor
       1327;201111040200;201111040259;    3;  0.00;  -999;  -999;-999;eor
       1327;201111040300;201111040359;    3;  0.00;  -999;  -999;-999;eor
       1327;201111040400;201111040459;    3;  0.00;  -999;  -999;-999;eor
       1327;201111040500;201111040559;    3;  0.00;  -999;  -999;-999;eor
       1327;201111040600;201111040659;    3;  0.00;  -999;  -999;-999;eor
       1327;201111040700;201111040759;    3;  0.00;  -999;  -999;-999;eor
       1327;201111040800;201111040859;    3;  0.00;  -999;  -999;-999;eor
       1327;201111040900;201111040959;    3;  0.00;  -999;  -999;-999;eor
       1327;201111041000;201111041059;    3;  0.00;  -999;  -999;-999;eor
       1327;201111041100;201111041159;    3;  0.00;  -999;  -999;-999;eor
       1327;201111041200;201111041259;    3;  0.00;  -999;  -999;-999;eor
       1327;201111041300;201111041359;    3;  0.00;  -999;  -999;-999;eor
       1327;201111041400;201111041459;    3;  0.00;  -999;  -999;-999;eor
       1327;201111041500;201111041559;    3;  0.00;  -999;  -999;-999;eor
       1327;201111041600;201111041659;    3;  0.00;  -999;  -999;-999;eor
       1327;201111041700;201111041759;    3;  0.00;  -999;  -999;-999;eor
       1327;201111041800;201111041859;    3;  0.00;  -999;  -999;-999;eor
       1327;201111041900;201111041959;    3;  0.00;  -999;  -999;-999;eor
       1327;201111042000;201111042059;    3;  0.00;  -999;  -999;-999;eor
       1327;201111042100;201111042159;    3;  0.00;  -999;  -999;-999;eor
       1327;201111042200;201111042259;    3;  0.00;  -999;  -999;-999;eor
       1327;201111042300;201111042359;    3;  0.00;  -999;  -999;-999;eor
       1327;201111050000;201111052359;    3;  0.00;  -999;  -999;-999;eor
       1327;201111060000;201111062359;    3;  0.00;  -999;  -999;-999;eor
       1327;201111070000;201111070059;    3;  0.00;  -999;  -999;-999;eor
       1327;201111070100;201111070159;    3;  0.00;  -999;  -999;-999;eor
       1327;201111070200;201111070259;    3;  0.00;  -999;  -999;-999;eor
       1327;201111070300;201111070300;    3;  0.00;  -999;  -999;-999;eor
       1327;201111070301;201111070301;    3;  0.00;  -999;  -999;-999;eor
       1327;201111070302;201111070302;    3;  0.00;  -999;  -999;-999;eor
       1327;201111070303;201111070303;    3;  0.00;  -999;  -999;-999;eor
       1327;201111070304;201111070304;    3;  0.00;  -999;  -999;-999;eor
       1327;201111070305;201111070305;    3;  0.00;  -999;  -999;-999;eor
       1327;201111070306;201111070306;    3;  0.00;  -999;  -999;-999;eor
       1327;201111070307;201111070307;    3;  0.00;  -999;  -999;-999;eor
       1327;201111070308;201111070308;    3;  0.00;  -999;  -999;-999;eor
       1327;201111070309;201111070309;    3;  0.00;  -999;  -999;-999;eor
       1327;201111070310;201111070310;    3;  0.00;  -999;  -999;-999;eor
       1327;201111070311;201111070311;    3;  0.00;  -999;  -999;-999;eor
       1327;201111070312;201111070312;    3;  0.00;  -999;  -999;-999;eor
       1327;201111070313;201111070313;    3;  0.00;  -999;  -999;-999;eor
       1327;201111070314;201111070314;    3;  0.00;  -999;  -999;-999;eor
       1327;201111070315;201111070315;    3;  0.00;  -999;  -999;-999;eor
       1327;201111070316;201111070316;    3;  0.00;  -999;  -999;-999;eor
       1327;201111070317;201111070317;    3;  0.00;  -999;  -999;-999;eor
       1327;201111070318;201111070318;    3;  0.00;  -999;  -999;-999;eor
       1327;201111070319;201111070319;    3;  0.00;  -999;  -999;-999;eor
       1327;201111070320;201111070320;    3;  0.00;  -999;  -999;-999;eor
       1327;201111070321;201111070321;    3;  0.00;  -999;  -999;-999;eor
       1327;201111070322;201111070322;    3;  0.00;  -999;  -999;-999;eor
       1327;201111070323;201111070323;    3;  0.00;  -999;  -999;-999;eor
       1327;201111070324;201111070324;    3;  0.01;  -999;  -999;-999;eor
       1327;201111070325;201111070325;    3;  0.00;  -999;  -999;-999;eor
       1327;201111070326;201111070326;    3;  0.00;  -999;  -999;-999;eor
       1327;201111070327;201111070327;    3;  0.00;  -999;  -999;-999;eor
       1327;201111070328;201111070328;    3;  0.00;  -999;  -999;-999;eor
       1327;201111070329;201111070329;    3;  0.00;  -999;  -999;-999;eor
       1327;201111070330;201111070330;    3;  0.00;  -999;  -999;-999;eor
       1327;201111070331;201111070331;    3;  0.00;  -999;  -999;-999;eor
       1327;201111070332;201111070332;    3;  0.00;  -999;  -999;-999;eor
       1327;201111070333;201111070333;    3;  0.00;  -999;  -999;-999;eor
       1327;201111070334;201111070334;    3;  0.00;  -999;  -999;-999;eor
       1327;201111070335;201111070335;    3;  0.00;  -999;  -999;-999;eor
       1327;201111070336;201111070336;    3;  0.00;  -999;  -999;-999;eor
       1327;201111070337;201111070337;    3;  0.00;  -999;  -999;-999;eor
       1327;201111070338;201111070338;    3;  0.00;  -999;  -999;-999;eor
       1327;201111070339;201111070339;    3;  0.00;  -999;  -999;-999;eor
       1327;201111070340;201111070340;    3;  0.00;  -999;  -999;-999;eor
       1327;201111070341;201111070341;    3;  0.00;  -999;  -999;-999;eor
       1327;201111070342;201111070342;    3;  0.00;  -999;  -999;-999;eor
       1327;201111070343;201111070343;    3;  0.00;  -999;  -999;-999;eor
       1327;201111070344;201111070344;    3;  0.00;  -999;  -999;-999;eor
       1327;201111070345;201111070345;    3;  0.00;  -999;  -999;-999;eor
       1327;201111070346;201111070346;    3;  0.00;  -999;  -999;-999;eor
       1327;201111070347;201111070347;    3;  0.00;  -999;  -999;-999;eor
       1327;201111070348;201111070348;    3;  0.00;  -999;  -999;-999;eor
       1327;201111070349;201111070349;    3;  0.00;  -999;  -999;-999;eor
       1327;201111070350;201111070350;    3;  0.00;  -999;  -999;-999;eor
       1327;201111070351;201111070351;    3;  0.00;  -999;  -999;-999;eor
       1327;201111070352;201111070352;    3;  0.00;  -999;  -999;-999;eor
       1327;201111070353;201111070353;    3;  0.00;  -999;  -999;-999;eor
       1327;201111070354;201111070354;    3;  0.00;  -999;  -999;-999;eor
       1327;201111070355;201111070355;    3;  0.00;  -999;  -999;-999;eor
       1327;201111070356;201111070356;    3;  0.00;  -999;  -999;-999;eor
       1327;201111070357;201111070357;    3;  0.00;  -999;  -999;-999;eor
       1327;201111070358;201111070358;    3;  0.00;  -999;  -999;-999;eor
       1327;201111070359;201111070359;    3;  0.00;  -999;  -999;-999;eor
       1327;201111070400;201111070459;    3;  0.00;  -999;  -999;-999;eor
       1327;201111070500;201111070559;    3;  0.00;  -999;  -999;-999;eor
       1327;201111070600;201111070659;    3;  0.00;  -999;  -999;-999;eor
       1327;201111070700;201111070759;    3;  0.00;  -999;  -999;-999;eor
       1327;201111070800;201111070859;    3;  0.00;  -999;  -999;-999;eor
       1327;201111070900;201111070959;    3;  0.00;  -999;  -999;-999;eor
       1327;201111071000;201111071059;    3;  0.00;  -999;  -999;-999;eor
       1327;201111071100;201111071159;    3;  0.00;  -999;  -999;-999;eor
       1327;201111071200;201111071259;    3;  0.00;  -999;  -999;-999;eor
       1327;201111071300;201111071359;    3;  0.00;  -999;  -999;-999;eor
       1327;201111071400;201111071459;    3;  0.00;  -999;  -999;-999;eor
       1327;201111071500;201111071559;    3;  0.00;  -999;  -999;-999;eor
       1327;201111071600;201111071659;    3;  0.00;  -999;  -999;-999;eor
       1327;201111071700;201111071759;    3;  0.00;  -999;  -999;-999;eor
       1327;201111071800;201111071859;    3;  0.00;  -999;  -999;-999;eor
       1327;201111071900;201111071959;    3;  0.00;  -999;  -999;-999;eor
       1327;201111072000;201111072059;    3;  0.00;  -999;  -999;-999;eor
       1327;201111072100;201111072159;    3;  0.00;  -999;  -999;-999;eor
       1327;201111072200;201111072259;    3;  0.00;  -999;  -999;-999;eor
       1327;201111072300;201111072359;    3;  0.00;  -999;  -999;-999;eor
       1327;201111080000;201111082359;    3;  0.00;  -999;  -999;-999;eor
       1327;201111090000;201111092359;    3;  0.00;  -999;  -999;-999;eor
       1327;201111100000;201111102359;    3;  0.00;  -999;  -999;-999;eor
       1327;201111110000;201111112359;    3;  0.00;  -999;  -999;-999;eor
       1327;201111120000;201111122359;    3;  0.00;  -999;  -999;-999;eor
       1327;201111130000;201111132359;    3;  0.00;  -999;  -999;-999;eor
       1327;201111140000;201111142359;    3;  0.00;  -999;  -999;-999;eor
       1327;201111150000;201111152359;    3;  0.00;  -999;  -999;-999;eor
       1327;201111160000;201111162359;    3;  0.00;  -999;  -999;-999;eor
       1327;201111170000;201111170059;    3;  0.00;  -999;  -999;-999;eor
       1327;201111170100;201111170159;    3;  0.00;  -999;  -999;-999;eor
       1327;201111170200;201111170259;    3;  0.00;  -999;  -999;-999;eor
       1327;201111170300;201111170359;    3;  0.00;  -999;  -999;-999;eor
       1327;201111170400;201111170459;    3;  0.00;  -999;  -999;-999;eor
       1327;201111170500;201111170559;    3;  0.00;  -999;  -999;-999;eor
       1327;201111170600;201111170659;    3;  0.00;  -999;  -999;-999;eor
       1327;201111170700;201111170759;    3;  0.00;  -999;  -999;-999;eor
       1327;201111170800;201111170859;    3;  0.00;  -999;  -999;-999;eor
       1327;201111170900;201111170959;    3;  0.00;  -999;  -999;-999;eor
       1327;201111171000;201111171059;    3;  0.00;  -999;  -999;-999;eor
       1327;201111171100;201111171159;    3;  0.00;  -999;  -999;-999;eor
       1327;201111171200;201111171259;    3;  0.00;  -999;  -999;-999;eor
       1327;201111171300;201111171359;    3;  0.00;  -999;  -999;-999;eor
       1327;201111171400;201111171459;    3;  0.00;  -999;  -999;-999;eor
       1327;201111171500;201111171559;    3;  0.00;  -999;  -999;-999;eor
       1327;201111171600;201111171659;    3;  0.00;  -999;  -999;-999;eor
       1327;201111171700;201111171700;    3;  0.00;  -999;  -999;-999;eor
       1327;201111171701;201111171701;    3;  0.00;  -999;  -999;-999;eor
       1327;201111171702;201111171702;    3;  0.00;  -999;  -999;-999;eor
       1327;201111171703;201111171703;    3;  0.00;  -999;  -999;-999;eor
       1327;201111171704;201111171704;    3;  0.00;  -999;  -999;-999;eor
       1327;201111171705;201111171705;    3;  0.00;  -999;  -999;-999;eor
       1327;201111171706;201111171706;    3;  0.00;  -999;  -999;-999;eor
       1327;201111171707;201111171707;    3;  0.00;  -999;  -999;-999;eor
       1327;201111171708;201111171708;    3;  0.00;  -999;  -999;-999;eor
       1327;201111171709;201111171709;    3;  0.00;  -999;  -999;-999;eor
       1327;201111171710;201111171710;    3;  0.00;  -999;  -999;-999;eor
       1327;201111171711;201111171711;    3;  0.00;  -999;  -999;-999;eor
       1327;201111171712;201111171712;    3;  0.00;  -999;  -999;-999;eor
       1327;201111171713;201111171713;    3;  0.00;  -999;  -999;-999;eor
       1327;201111171714;201111171714;    3;  0.00;  -999;  -999;-999;eor
       1327;201111171715;201111171715;    3;  0.00;  -999;  -999;-999;eor
       1327;201111171716;201111171716;    3;  0.00;  -999;  -999;-999;eor
       1327;201111171717;201111171717;    3;  0.00;  -999;  -999;-999;eor
       1327;201111171718;201111171718;    3;  0.00;  -999;  -999;-999;eor
       1327;201111171719;201111171719;    3;  0.00;  -999;  -999;-999;eor
       1327;201111171720;201111171720;    3;  0.00;  -999;  -999;-999;eor
       1327;201111171721;201111171721;    3;  0.00;  -999;  -999;-999;eor
       1327;201111171722;201111171722;    3;  0.00;  -999;  -999;-999;eor
       1327;201111171723;201111171723;    3;  0.00;  -999;  -999;-999;eor
       1327;201111171724;201111171724;    3;  0.00;  -999;  -999;-999;eor
       1327;201111171725;201111171725;    3;  0.00;  -999;  -999;-999;eor
       1327;201111171726;201111171726;    3;  0.00;  -999;  -999;-999;eor
       1327;201111171727;201111171727;    3;  0.00;  -999;  -999;-999;eor
       1327;201111171728;201111171728;    3;  0.00;  -999;  -999;-999;eor
       1327;201111171729;201111171729;    3;  0.00;  -999;  -999;-999;eor
       1327;201111171730;201111171730;    3;  0.00;  -999;  -999;-999;eor
       1327;201111171731;201111171731;    3;  0.00;  -999;  -999;-999;eor
       1327;201111171732;201111171732;    3;  0.00;  -999;  -999;-999;eor
       1327;201111171733;201111171733;    3;  0.00;  -999;  -999;-999;eor
       1327;201111171734;201111171734;    3;  0.00;  -999;  -999;-999;eor
       1327;201111171735;201111171735;    3;  0.00;  -999;  -999;-999;eor
       1327;201111171736;201111171736;    3;  0.00;  -999;  -999;-999;eor
       1327;201111171737;201111171737;    3;  0.01;  -999;  -999;-999;eor
       1327;201111171738;201111171738;    3;  0.00;  -999;  -999;-999;eor
       1327;201111171739;201111171739;    3;  0.00;  -999;  -999;-999;eor
       1327;201111171740;201111171740;    3;  0.00;  -999;  -999;-999;eor
       1327;201111171741;201111171741;    3;  0.00;  -999;  -999;-999;eor
       1327;201111171742;201111171742;    3;  0.00;  -999;  -999;-999;eor
       1327;201111171743;201111171743;    3;  0.00;  -999;  -999;-999;eor
       1327;201111171744;201111171744;    3;  0.00;  -999;  -999;-999;eor
       1327;201111171745;201111171745;    3;  0.00;  -999;  -999;-999;eor
       1327;201111171746;201111171746;    3;  0.00;  -999;  -999;-999;eor
       1327;201111171747;201111171747;    3;  0.00;  -999;  -999;-999;eor
       1327;201111171748;201111171748;    3;  0.00;  -999;  -999;-999;eor
       1327;201111171749;201111171749;    3;  0.00;  -999;  -999;-999;eor
       1327;201111171750;201111171750;    3;  0.00;  -999;  -999;-999;eor
       1327;201111171751;201111171751;    3;  0.00;  -999;  -999;-999;eor
       1327;201111171752;201111171752;    3;  0.00;  -999;  -999;-999;eor
       1327;201111171753;201111171753;    3;  0.00;  -999;  -999;-999;eor
       1327;201111171754;201111171754;    3;  0.00;  -999;  -999;-999;eor
       1327;201111171755;201111171755;    3;  0.00;  -999;  -999;-999;eor
       1327;201111171756;201111171756;    3;  0.00;  -999;  -999;-999;eor
       1327;201111171757;201111171757;    3;  0.00;  -999;  -999;-999;eor
       1327;201111171758;201111171758;    3;  0.00;  -999;  -999;-999;eor
       1327;201111171759;201111171759;    3;  0.00;  -999;  -999;-999;eor
       1327;201111171800;201111171800;    3;  0.00;  -999;  -999;-999;eor
       1327;201111171801;201111171801;    3;  0.00;  -999;  -999;-999;eor
       1327;201111171802;201111171802;    3;  0.01;  -999;  -999;-999;eor
       1327;201111171803;201111171803;    3;  0.00;  -999;  -999;-999;eor
       1327;201111171804;201111171804;    3;  0.00;  -999;  -999;-999;eor
       1327;201111171805;201111171805;    3;  0.00;  -999;  -999;-999;eor
       1327;201111171806;201111171806;    3;  0.00;  -999;  -999;-999;eor
       1327;201111171807;201111171807;    3;  0.00;  -999;  -999;-999;eor
       1327;201111171808;201111171808;    3;  0.00;  -999;  -999;-999;eor
       1327;201111171809;201111171809;    3;  0.00;  -999;  -999;-999;eor
       1327;201111171810;201111171810;    3;  0.00;  -999;  -999;-999;eor
       1327;201111171811;201111171811;    3;  0.00;  -999;  -999;-999;eor
       1327;201111171812;201111171812;    3;  0.00;  -999;  -999;-999;eor
       1327;201111171813;201111171813;    3;  0.00;  -999;  -999;-999;eor
       1327;201111171814;201111171814;    3;  0.00;  -999;  -999;-999;eor
       1327;201111171815;201111171815;    3;  0.00;  -999;  -999;-999;eor
       1327;201111171816;201111171816;    3;  0.00;  -999;  -999;-999;eor
       1327;201111171817;201111171817;    3;  0.00;  -999;  -999;-999;eor
       1327;201111171818;201111171818;    3;  0.00;  -999;  -999;-999;eor
       1327;201111171819;201111171819;    3;  0.00;  -999;  -999;-999;eor
       1327;201111171820;201111171820;    3;  0.00;  -999;  -999;-999;eor
       1327;201111171821;201111171821;    3;  0.00;  -999;  -999;-999;eor
       1327;201111171822;201111171822;    3;  0.00;  -999;  -999;-999;eor
       1327;201111171823;201111171823;    3;  0.00;  -999;  -999;-999;eor
       1327;201111171824;201111171824;    3;  0.00;  -999;  -999;-999;eor
       1327;201111171825;201111171825;    3;  0.00;  -999;  -999;-999;eor
       1327;201111171826;201111171826;    3;  0.00;  -999;  -999;-999;eor
       1327;201111171827;201111171827;    3;  0.00;  -999;  -999;-999;eor
       1327;201111171828;201111171828;    3;  0.00;  -999;  -999;-999;eor
       1327;201111171829;201111171829;    3;  0.00;  -999;  -999;-999;eor
       1327;201111171830;201111171830;    3;  0.00;  -999;  -999;-999;eor
       1327;201111171831;201111171831;    3;  0.00;  -999;  -999;-999;eor
       1327;201111171832;201111171832;    3;  0.00;  -999;  -999;-999;eor
       1327;201111171833;201111171833;    3;  0.00;  -999;  -999;-999;eor
       1327;201111171834;201111171834;    3;  0.00;  -999;  -999;-999;eor
       1327;201111171835;201111171835;    3;  0.00;  -999;  -999;-999;eor
       1327;201111171836;201111171836;    3;  0.00;  -999;  -999;-999;eor
       1327;201111171837;201111171837;    3;  0.00;  -999;  -999;-999;eor
       1327;201111171838;201111171838;    3;  0.00;  -999;  -999;-999;eor
       1327;201111171839;201111171839;    3;  0.00;  -999;  -999;-999;eor
       1327;201111171840;201111171840;    3;  0.00;  -999;  -999;-999;eor
       1327;201111171841;201111171841;    3;  0.00;  -999;  -999;-999;eor
       1327;201111171842;201111171842;    3;  0.00;  -999;  -999;-999;eor
       1327;201111171843;201111171843;    3;  0.00;  -999;  -999;-999;eor
       1327;201111171844;201111171844;    3;  0.00;  -999;  -999;-999;eor
       1327;201111171845;201111171845;    3;  0.00;  -999;  -999;-999;eor
       1327;201111171846;201111171846;    3;  0.00;  -999;  -999;-999;eor
       1327;201111171847;201111171847;    3;  0.00;  -999;  -999;-999;eor
       1327;201111171848;201111171848;    3;  0.00;  -999;  -999;-999;eor
       1327;201111171849;201111171849;    3;  0.00;  -999;  -999;-999;eor
       1327;201111171850;201111171850;    3;  0.00;  -999;  -999;-999;eor
       1327;201111171851;201111171851;    3;  0.00;  -999;  -999;-999;eor
       1327;201111171852;201111171852;    3;  0.00;  -999;  -999;-999;eor
       1327;201111171853;201111171853;    3;  0.00;  -999;  -999;-999;eor
       1327;201111171854;201111171854;    3;  0.00;  -999;  -999;-999;eor
       1327;201111171855;201111171855;    3;  0.00;  -999;  -999;-999;eor
       1327;201111171856;201111171856;    3;  0.00;  -999;  -999;-999;eor
       1327;201111171857;201111171857;    3;  0.00;  -999;  -999;-999;eor
       1327;201111171858;201111171858;    3;  0.00;  -999;  -999;-999;eor
       1327;201111171859;201111171859;    3;  0.00;  -999;  -999;-999;eor
       1327;201111171900;201111171959;    3;  0.00;  -999;  -999;-999;eor
       1327;201111172000;201111172059;    3;  0.00;  -999;  -999;-999;eor
       1327;201111172100;201111172159;    3;  0.00;  -999;  -999;-999;eor
       1327;201111172200;201111172259;    3;  0.00;  -999;  -999;-999;eor
       1327;201111172300;201111172359;    3;  0.00;  -999;  -999;-999;eor
       1327;201111180000;201111182359;    3;  0.00;  -999;  -999;-999;eor
       1327;201111190000;201111192359;    3;  0.00;  -999;  -999;-999;eor
       1327;201111200000;201111202359;    3;  0.00;  -999;  -999;-999;eor
       1327;201111210000;201111212359;    3;  0.00;  -999;  -999;-999;eor
       1327;201111220000;201111222359;    3;  0.00;  -999;  -999;-999;eor
       1327;201111230000;201111232359;    3;  0.00;  -999;  -999;-999;eor
       1327;201111240000;201111242359;    3;  0.00;  -999;  -999;-999;eor
       1327;201111250000;201111250059;    3;  0.00;  -999;  -999;-999;eor
       1327;201111250100;201111250159;    3;  0.00;  -999;  -999;-999;eor
       1327;201111250200;201111250259;    3;  0.00;  -999;  -999;-999;eor
       1327;201111250300;201111250359;    3;  0.00;  -999;  -999;-999;eor
       1327;201111250400;201111250459;    3;  0.00;  -999;  -999;-999;eor
       1327;201111250500;201111250559;    3;  0.00;  -999;  -999;-999;eor
       1327;201111250600;201111250659;    3;  0.00;  -999;  -999;-999;eor
       1327;201111250700;201111250759;    3;  0.00;  -999;  -999;-999;eor
       1327;201111250800;201111250859;    3;  0.00;  -999;  -999;-999;eor
       1327;201111250900;201111250959;    3;  0.00;  -999;  -999;-999;eor
       1327;201111251000;201111251059;    3;  0.00;  -999;  -999;-999;eor
       1327;201111251100;201111251159;    3;  0.00;  -999;  -999;-999;eor
       1327;201111251200;201111251259;    3;  0.00;  -999;  -999;-999;eor
       1327;201111251300;201111251300;    3;  0.00;  -999;  -999;-999;eor
       1327;201111251301;201111251301;    3;  0.00;  -999;  -999;-999;eor
       1327;201111251302;201111251302;    3;  0.00;  -999;  -999;-999;eor
       1327;201111251303;201111251303;    3;  0.00;  -999;  -999;-999;eor
       1327;201111251304;201111251304;    3;  0.00;  -999;  -999;-999;eor
       1327;201111251305;201111251305;    3;  0.00;  -999;  -999;-999;eor
       1327;201111251306;201111251306;    3;  0.00;  -999;  -999;-999;eor
       1327;201111251307;201111251307;    3;  0.00;  -999;  -999;-999;eor
       1327;201111251308;201111251308;    3;  0.00;  -999;  -999;-999;eor
       1327;201111251309;201111251309;    3;  0.00;  -999;  -999;-999;eor
       1327;201111251310;201111251310;    3;  0.00;  -999;  -999;-999;eor
       1327;201111251311;201111251311;    3;  0.00;  -999;  -999;-999;eor
       1327;201111251312;201111251312;    3;  0.00;  -999;  -999;-999;eor
       1327;201111251313;201111251313;    3;  0.00;  -999;  -999;-999;eor
       1327;201111251314;201111251314;    3;  0.00;  -999;  -999;-999;eor
       1327;201111251315;201111251315;    3;  0.00;  -999;  -999;-999;eor
       1327;201111251316;201111251316;    3;  0.00;  -999;  -999;-999;eor
       1327;201111251317;201111251317;    3;  0.00;  -999;  -999;-999;eor
       1327;201111251318;201111251318;    3;  0.00;  -999;  -999;-999;eor
       1327;201111251319;201111251319;    3;  0.00;  -999;  -999;-999;eor
       1327;201111251320;201111251320;    3;  0.00;  -999;  -999;-999;eor
       1327;201111251321;201111251321;    3;  0.00;  -999;  -999;-999;eor
       1327;201111251322;201111251322;    3;  0.00;  -999;  -999;-999;eor
       1327;201111251323;201111251323;    3;  0.00;  -999;  -999;-999;eor
       1327;201111251324;201111251324;    3;  0.00;  -999;  -999;-999;eor
       1327;201111251325;201111251325;    3;  0.00;  -999;  -999;-999;eor
       1327;201111251326;201111251326;    3;  0.00;  -999;  -999;-999;eor
       1327;201111251327;201111251327;    3;  0.00;  -999;  -999;-999;eor
       1327;201111251328;201111251328;    3;  0.00;  -999;  -999;-999;eor
       1327;201111251329;201111251329;    3;  0.00;  -999;  -999;-999;eor
       1327;201111251330;201111251330;    3;  0.00;  -999;  -999;-999;eor
       1327;201111251331;201111251331;    3;  0.00;  -999;  -999;-999;eor
       1327;201111251332;201111251332;    3;  0.00;  -999;  -999;-999;eor
       1327;201111251333;201111251333;    3;  0.00;  -999;  -999;-999;eor
       1327;201111251334;201111251334;    3;  0.00;  -999;  -999;-999;eor
       1327;201111251335;201111251335;    3;  0.00;  -999;  -999;-999;eor
       1327;201111251336;201111251336;    3;  0.00;  -999;  -999;-999;eor
       1327;201111251337;201111251337;    3;  0.00;  -999;  -999;-999;eor
       1327;201111251338;201111251338;    3;  0.00;  -999;  -999;-999;eor
       1327;201111251339;201111251339;    3;  0.00;  -999;  -999;-999;eor
       1327;201111251340;201111251340;    3;  0.00;  -999;  -999;-999;eor
       1327;201111251341;201111251341;    3;  0.00;  -999;  -999;-999;eor
       1327;201111251342;201111251342;    3;  0.00;  -999;  -999;-999;eor
       1327;201111251343;201111251343;    3;  0.00;  -999;  -999;-999;eor
       1327;201111251344;201111251344;    3;  0.00;  -999;  -999;-999;eor
       1327;201111251345;201111251345;    3;  0.00;  -999;  -999;-999;eor
       1327;201111251346;201111251346;    3;  0.00;  -999;  -999;-999;eor
       1327;201111251347;201111251347;    3;  0.00;  -999;  -999;-999;eor
       1327;201111251348;201111251348;    3;  0.00;  -999;  -999;-999;eor
       1327;201111251349;201111251349;    3;  0.00;  -999;  -999;-999;eor
       1327;201111251350;201111251350;    3;  0.00;  -999;  -999;-999;eor
       1327;201111251351;201111251351;    3;  0.00;  -999;  -999;-999;eor
       1327;201111251352;201111251352;    3;  0.00;  -999;  -999;-999;eor
       1327;201111251353;201111251353;    3;  0.00;  -999;  -999;-999;eor
       1327;201111251354;201111251354;    3;  0.01;  -999;  -999;-999;eor
       1327;201111251355;201111251355;    3;  0.00;  -999;  -999;-999;eor
       1327;201111251356;201111251356;    3;  0.00;  -999;  -999;-999;eor
       1327;201111251357;201111251357;    3;  0.00;  -999;  -999;-999;eor
       1327;201111251358;201111251358;    3;  0.00;  -999;  -999;-999;eor
       1327;201111251359;201111251359;    3;  0.00;  -999;  -999;-999;eor
       1327;201111251400;201111251459;    3;  0.00;  -999;  -999;-999;eor
       1327;201111251500;201111251559;    3;  0.00;  -999;  -999;-999;eor
       1327;201111251600;201111251659;    3;  0.00;  -999;  -999;-999;eor
       1327;201111251700;201111251759;    3;  0.00;  -999;  -999;-999;eor
       1327;201111251800;201111251859;    3;  0.00;  -999;  -999;-999;eor
       1327;201111251900;201111251959;    3;  0.00;  -999;  -999;-999;eor
       1327;201111252000;201111252059;    3;  0.00;  -999;  -999;-999;eor
       1327;201111252100;201111252159;    3;  0.00;  -999;  -999;-999;eor
       1327;201111252200;201111252259;    3;  0.00;  -999;  -999;-999;eor
       1327;201111252300;201111252359;    3;  0.00;  -999;  -999;-999;eor
       1327;201111260000;201111262359;    3;  0.00;  -999;  -999;-999;eor
       1327;201111270000;201111270059;    3;  0.00;  -999;  -999;-999;eor
       1327;201111270100;201111270159;    3;  0.00;  -999;  -999;-999;eor
       1327;201111270200;201111270259;    3;  0.00;  -999;  -999;-999;eor
       1327;201111270300;201111270359;    3;  0.00;  -999;  -999;-999;eor
       1327;201111270400;201111270459;    3;  0.00;  -999;  -999;-999;eor
       1327;201111270500;201111270559;    3;  0.00;  -999;  -999;-999;eor
       1327;201111270600;201111270659;    3;  0.00;  -999;  -999;-999;eor
       1327;201111270700;201111270759;    3;  0.00;  -999;  -999;-999;eor
       1327;201111270800;201111270859;    3;  0.00;  -999;  -999;-999;eor
       1327;201111270900;201111270959;    3;  0.00;  -999;  -999;-999;eor
       1327;201111271000;201111271059;    3;  0.00;  -999;  -999;-999;eor
       1327;201111271100;201111271159;    3;  0.00;  -999;  -999;-999;eor
       1327;201111271200;201111271259;    3;  0.00;  -999;  -999;-999;eor
       1327;201111271300;201111271359;    3;  0.00;  -999;  -999;-999;eor
       1327;201111271400;201111271459;    3;  0.00;  -999;  -999;-999;eor
       1327;201111271500;201111271559;    3;  0.00;  -999;  -999;-999;eor
       1327;201111271600;201111271600;    3;  0.00;  -999;  -999;-999;eor
       1327;201111271601;201111271601;    3;  0.00;  -999;  -999;-999;eor
       1327;201111271602;201111271602;    3;  0.00;  -999;  -999;-999;eor
       1327;201111271603;201111271603;    3;  0.00;  -999;  -999;-999;eor
       1327;201111271604;201111271604;    3;  0.00;  -999;  -999;-999;eor
       1327;201111271605;201111271605;    3;  0.00;  -999;  -999;-999;eor
       1327;201111271606;201111271606;    3;  0.00;  -999;  -999;-999;eor
       1327;201111271607;201111271607;    3;  0.00;  -999;  -999;-999;eor
       1327;201111271608;201111271608;    3;  0.00;  -999;  -999;-999;eor
       1327;201111271609;201111271609;    3;  0.00;  -999;  -999;-999;eor
       1327;201111271610;201111271610;    3;  0.00;  -999;  -999;-999;eor
       1327;201111271611;201111271611;    3;  0.00;  -999;  -999;-999;eor
       1327;201111271612;201111271612;    3;  0.00;  -999;  -999;-999;eor
       1327;201111271613;201111271613;    3;  0.00;  -999;  -999;-999;eor
       1327;201111271614;201111271614;    3;  0.00;  -999;  -999;-999;eor
       1327;201111271615;201111271615;    3;  0.00;  -999;  -999;-999;eor
       1327;201111271616;201111271616;    3;  0.00;  -999;  -999;-999;eor
       1327;201111271617;201111271617;    3;  0.00;  -999;  -999;-999;eor
       1327;201111271618;201111271618;    3;  0.00;  -999;  -999;-999;eor
       1327;201111271619;201111271619;    3;  0.00;  -999;  -999;-999;eor
       1327;201111271620;201111271620;    3;  0.00;  -999;  -999;-999;eor
       1327;201111271621;201111271621;    3;  0.00;  -999;  -999;-999;eor
       1327;201111271622;201111271622;    3;  0.00;  -999;  -999;-999;eor
       1327;201111271623;201111271623;    3;  0.00;  -999;  -999;-999;eor
       1327;201111271624;201111271624;    3;  0.00;  -999;  -999;-999;eor
       1327;201111271625;201111271625;    3;  0.00;  -999;  -999;-999;eor
       1327;201111271626;201111271626;    3;  0.00;  -999;  -999;-999;eor
       1327;201111271627;201111271627;    3;  0.00;  -999;  -999;-999;eor
       1327;201111271628;201111271628;    3;  0.00;  -999;  -999;-999;eor
       1327;201111271629;201111271629;    3;  0.00;  -999;  -999;-999;eor
       1327;201111271630;201111271630;    3;  0.00;  -999;  -999;-999;eor
       1327;201111271631;201111271631;    3;  0.00;  -999;  -999;-999;eor
       1327;201111271632;201111271632;    3;  0.00;  -999;  -999;-999;eor
       1327;201111271633;201111271633;    3;  0.00;  -999;  -999;-999;eor
       1327;201111271634;201111271634;    3;  0.03;  -999;  -999;-999;eor
       1327;201111271635;201111271635;    3;  0.01;  -999;  -999;-999;eor
       1327;201111271636;201111271636;    3;  0.00;  -999;  -999;-999;eor
       1327;201111271637;201111271637;    3;  0.00;  -999;  -999;-999;eor
       1327;201111271638;201111271638;    3;  0.00;  -999;  -999;-999;eor
       1327;201111271639;201111271639;    3;  0.00;  -999;  -999;-999;eor
       1327;201111271640;201111271640;    3;  0.00;  -999;  -999;-999;eor
       1327;201111271641;201111271641;    3;  0.00;  -999;  -999;-999;eor
       1327;201111271642;201111271642;    3;  0.00;  -999;  -999;-999;eor
       1327;201111271643;201111271643;    3;  0.00;  -999;  -999;-999;eor
       1327;201111271644;201111271644;    3;  0.00;  -999;  -999;-999;eor
       1327;201111271645;201111271645;    3;  0.00;  -999;  -999;-999;eor
       1327;201111271646;201111271646;    3;  0.00;  -999;  -999;-999;eor
       1327;201111271647;201111271647;    3;  0.00;  -999;  -999;-999;eor
       1327;201111271648;201111271648;    3;  0.00;  -999;  -999;-999;eor
       1327;201111271649;201111271649;    3;  0.00;  -999;  -999;-999;eor
       1327;201111271650;201111271650;    3;  0.00;  -999;  -999;-999;eor
       1327;201111271651;201111271651;    3;  0.00;  -999;  -999;-999;eor
       1327;201111271652;201111271652;    3;  0.00;  -999;  -999;-999;eor
       1327;201111271653;201111271653;    3;  0.00;  -999;  -999;-999;eor
       1327;201111271654;201111271654;    3;  0.00;  -999;  -999;-999;eor
       1327;201111271655;201111271655;    3;  0.00;  -999;  -999;-999;eor
       1327;201111271656;201111271656;    3;  0.00;  -999;  -999;-999;eor
       1327;201111271657;201111271657;    3;  0.00;  -999;  -999;-999;eor
       1327;201111271658;201111271658;    3;  0.00;  -999;  -999;-999;eor
       1327;201111271659;201111271659;    3;  0.00;  -999;  -999;-999;eor
       1327;201111271700;201111271759;    3;  0.00;  -999;  -999;-999;eor
       1327;201111271800;201111271859;    3;  0.00;  -999;  -999;-999;eor
       1327;201111271900;201111271959;    3;  0.00;  -999;  -999;-999;eor
       1327;201111272000;201111272059;    3;  0.00;  -999;  -999;-999;eor
       1327;201111272100;201111272159;    3;  0.00;  -999;  -999;-999;eor
       1327;201111272200;201111272259;    3;  0.00;  -999;  -999;-999;eor
       1327;201111272300;201111272359;    3;  0.00;  -999;  -999;-999;eor
       1327;201111280000;201111282359;    3;  0.00;  -999;  -999;-999;eor
       1327;201111290000;201111292359;    3;  0.00;  -999;  -999;-999;eor
       1327;201111300000;201111302359;    3;  0.00;  -999;  -999;-999;eor
